1 0.320312 0.940741 0.086458 0.096296
1 0.081771 0.896296 0.098958 0.085185
1 0.181771 0.743519 0.076042 0.064815
0 0.206771 0.962963 0.011458 0.062963
0 0.107813 0.816667 0.009375 0.055556
0 0.118229 0.817593 0.011458 0.053704
0 0.131771 0.814815 0.013542 0.055556
0 0.145313 0.811111 0.013542 0.051852
0 0.155208 0.787037 0.014583 0.048148
0 0.148958 0.856481 0.012500 0.050000
0 0.286458 0.781481 0.012500 0.051852
0 0.231771 0.839815 0.017708 0.050000
0 0.308854 0.784259 0.009375 0.046296
0 0.263021 0.662037 0.013542 0.042593
0 0.267708 0.657407 0.010417 0.044444
2 0.327083 0.636111 0.035417 0.061111
1 0.476562 0.575000 0.021875 0.042593
0 0.744792 0.801852 0.010417 0.040741
0 0.821875 0.787037 0.010417 0.044444
0 0.834896 0.826852 0.011458 0.053704
0 0.846875 0.805556 0.010417 0.044444
0 0.859896 0.805556 0.011458 0.040741
0 0.684896 0.662963 0.009375 0.037037
0 0.655208 0.710185 0.008333 0.038889
0 0.656250 0.718519 0.008333 0.029630
1 0.544792 0.524074 0.045833 0.037037
2 0.457813 0.411111 0.011458 0.022222
2 0.482812 0.436111 0.011458 0.027778
0 0.572396 0.726852 0.009375 0.035185
0 0.589063 0.742593 0.013542 0.037037
0 0.593750 0.660185 0.006250 0.035185
0 0.585938 0.681481 0.007292 0.044444
0 0.362500 0.721296 0.010417 0.035185
0 0.349479 0.731481 0.009375 0.029630
0 0.415625 0.672222 0.008333 0.037037
0 0.442188 0.500000 0.007292 0.025926