0 0.655147 0.910458 0.030882 0.074510
0 0.502574 0.592810 0.016912 0.061438
0 0.580515 0.549020 0.016912 0.075817
0 0.612500 0.875817 0.025000 0.096732
0 0.100368 0.769281 0.034559 0.074510
0 0.028676 0.779739 0.032353 0.090196
0 0.053676 0.747059 0.027941 0.079739
0 0.396691 0.910458 0.025735 0.084967
0 0.317647 0.954248 0.033824 0.078431
0 0.300368 0.925490 0.015441 0.062745
0 0.340809 0.915033 0.013971 0.065359
0 0.363971 0.888235 0.017647 0.077124
0 0.359191 0.851634 0.019853 0.082353
0 0.343382 0.854248 0.013235 0.048366
0 0.337132 0.824183 0.021324 0.071895
0 0.166176 0.960131 0.020588 0.061438
0 0.170221 0.955556 0.018382 0.049673
0 0.357721 0.688235 0.019853 0.074510
0 0.423162 0.707190 0.021324 0.078431
0 0.461397 0.719608 0.018382 0.087582
0 0.479779 0.718954 0.013971 0.075817
0 0.479044 0.812418 0.016912 0.077124
0 0.461397 0.829412 0.016912 0.077124
0 0.442279 0.875163 0.021324 0.066667
0 0.165441 0.845098 0.023529 0.082353
0 0.104412 0.920915 0.025000 0.058824
0 0.386397 0.665359 0.012500 0.057516
0 0.287132 0.624183 0.012500 0.048366
0 0.390809 0.665359 0.011029 0.049673
0 0.105147 0.984314 0.017647 0.031373
0 0.090074 0.973203 0.011029 0.045752
0 0.098897 0.976471 0.015441 0.041830
0 0.752574 0.963399 0.022794 0.073203
0 0.416544 0.383660 0.012500 0.066667
0 0.146324 0.856209 0.019118 0.070588
0 0.421691 0.849020 0.021324 0.095425
0 0.134191 0.836601 0.022794 0.075817
0 0.508456 0.671895 0.016912 0.083660
0 0.529779 0.669281 0.016912 0.067974
0 0.541544 0.662092 0.012500 0.061438
0 0.459191 0.555556 0.012500 0.039216
0 0.476838 0.537255 0.011029 0.065359
0 0.583456 0.477778 0.019853 0.066667
0 0.382721 0.428758 0.012500 0.060131
0 0.399265 0.456863 0.007353 0.032680
0 0.440809 0.394118 0.013971 0.050980
0 0.469118 0.407190 0.010294 0.061438
0 0.624265 0.373856 0.014706 0.060131
0 0.730515 0.181046 0.011029 0.050980
0 0.740441 0.183660 0.011765 0.048366
0 0.642279 0.204575 0.009559 0.032680
0 0.651471 0.198693 0.010294 0.049673
0 0.663603 0.152288 0.009559 0.048366
0 0.657353 0.164706 0.007353 0.041830
0 0.515809 0.492157 0.011029 0.058824
0 0.490809 0.494771 0.013971 0.074510
0 0.483456 0.433333 0.013971 0.040523
0 0.487132 0.402614 0.011029 0.047059
0 0.568015 0.403922 0.011029 0.067974
0 0.577574 0.404575 0.009559 0.061438
0 0.474632 0.367320 0.011029 0.054902
0 0.483088 0.375163 0.007353 0.044444
2 0.465074 0.286928 0.061029 0.082353
2 0.525000 0.239216 0.079412 0.070588
0 0.566176 0.643791 0.017647 0.079739
0 0.627206 0.538562 0.016176 0.065359
0 0.776838 0.610458 0.013971 0.036601
0 0.793750 0.724837 0.016912 0.066667
0 0.765074 0.754248 0.016912 0.060131
0 0.708824 0.566013 0.010294 0.039216
0 0.575000 0.762092 0.019118 0.067974
0 0.607353 0.790850 0.016176 0.062745
0 0.603676 0.816340 0.013235 0.037908
1 0.825000 0.141830 0.079412 0.058824
2 0.301471 0.483007 0.097059 0.118954
0 0.495956 0.937255 0.025735 0.112418