0 0.195956 0.583007 0.018382 0.067974
0 0.615441 0.530719 0.022059 0.073203
0 0.353309 0.510458 0.021324 0.066667
0 0.336765 0.506536 0.016176 0.058824
0 0.785294 0.439216 0.017647 0.060131
0 0.808456 0.426144 0.016912 0.060131
0 0.893015 0.351634 0.019853 0.049673
0 0.868015 0.344444 0.015441 0.045752
0 0.679044 0.426144 0.016912 0.060131
0 0.647059 0.440523 0.016176 0.054902
0 0.554044 0.431373 0.016912 0.060131
0 0.732721 0.449673 0.024265 0.062745
0 0.743750 0.437908 0.018382 0.062745
0 0.916912 0.420915 0.016176 0.060131
0 0.924265 0.420261 0.011765 0.045752
1 0.419485 0.458824 0.093382 0.081046
0 0.697059 0.354902 0.008824 0.053595
0 0.708088 0.354902 0.008824 0.053595
0 0.783456 0.338562 0.006618 0.018301
0 0.876103 0.313725 0.009559 0.049673
0 0.886397 0.294771 0.011029 0.048366
0 0.879779 0.284314 0.011029 0.048366
1 0.882721 0.131373 0.034559 0.056209
1 0.921691 0.128758 0.056618 0.050980
0 0.961765 0.945098 0.027941 0.086275
0 0.979779 0.940523 0.037500 0.087582