1 0.483456 0.189542 0.009559 0.015686
1 0.454779 0.208497 0.011029 0.016993
0 0.435294 0.254248 0.002941 0.019608
1 0.425368 0.220261 0.012500 0.022222
1 0.489338 0.301307 0.016912 0.030065
1 0.449632 0.266667 0.015441 0.023529
1 0.411397 0.249020 0.024265 0.022222
1 0.384926 0.317647 0.016912 0.031373
1 0.423897 0.371242 0.021324 0.039216
1 0.573529 0.247712 0.026471 0.022222
1 0.515809 0.286275 0.016912 0.023529
1 0.514706 0.254902 0.014706 0.026144
1 0.574265 0.264052 0.025000 0.020915
1 0.572426 0.274510 0.021324 0.020915
1 0.581250 0.286928 0.021324 0.022222
2 0.582721 0.294771 0.016912 0.030065
1 0.588235 0.317647 0.023529 0.028758
1 0.620221 0.308497 0.037500 0.028758
0 0.611765 0.330719 0.007353 0.026144
0 0.561765 0.479739 0.008824 0.041830
1 0.529412 0.491503 0.026471 0.052288
1 0.633456 0.427451 0.030147 0.039216
1 0.653676 0.472549 0.036765 0.048366
0 0.675735 0.505882 0.007353 0.041830
1 0.708088 0.535294 0.080882 0.056209
0 0.789338 0.494771 0.006618 0.050980
0 0.789338 0.515033 0.005147 0.026144
0 0.869118 0.549020 0.022059 0.054902
1 0.788603 0.640523 0.078676 0.073203
0 0.854412 0.630719 0.013235 0.053595
2 0.765441 0.750980 0.064706 0.134641
1 0.848162 0.945098 0.093382 0.109804
1 0.560662 0.733333 0.053676 0.112418
1 0.417647 0.739869 0.052941 0.109804
1 0.381618 0.203268 0.019118 0.014379
1 0.384926 0.212418 0.011029 0.014379
1 0.377574 0.218954 0.016912 0.014379
1 0.352941 0.241176 0.020588 0.022222
1 0.351103 0.258170 0.016912 0.022222
1 0.368750 0.232026 0.013971 0.019608
1 0.327574 0.288235 0.021324 0.027451
1 0.315441 0.304575 0.022059 0.031373
1 0.274632 0.315686 0.043382 0.030065
1 0.290441 0.340523 0.025000 0.030065
1 0.286397 0.359477 0.027206 0.036601
1 0.254044 0.391503 0.034559 0.040523
1 0.077574 0.428105 0.065441 0.048366
1 0.114706 0.490196 0.088235 0.054902
1 0.041544 0.673856 0.080147 0.105882
1 0.357353 0.375817 0.026471 0.037908