0 0.629687 0.595833 0.011458 0.047222
0 0.602083 0.631944 0.010417 0.052778
2 0.686458 0.945833 0.125000 0.108333
1 0.675000 0.844444 0.096875 0.074074
1 0.658333 0.798148 0.087500 0.066667
1 0.657031 0.758333 0.091146 0.066667
2 0.648698 0.712963 0.079687 0.064815
2 0.954688 0.968519 0.090625 0.061111
1 0.930729 0.923611 0.111458 0.082407
1 0.854948 0.818056 0.076563 0.117593
2 0.798438 0.712963 0.073958 0.116667
1 0.194792 0.883796 0.071875 0.119444
1 0.148177 0.746759 0.068229 0.099074
1 0.293750 0.663426 0.045833 0.080556
1 0.457292 0.476389 0.025000 0.043519
0 0.336719 0.395370 0.006771 0.035185
1 0.308854 0.427315 0.041667 0.045370
0 0.322396 0.402778 0.006250 0.029630
1 0.325521 0.394444 0.027083 0.042593
1 0.344531 0.370370 0.026562 0.037037
1 0.345052 0.342593 0.021354 0.035185
1 0.405208 0.352778 0.020833 0.038889
0 0.248177 0.437037 0.007812 0.029630
0 0.248438 0.430556 0.007292 0.029630
0 0.183594 0.654630 0.007812 0.048148
1 0.010677 0.421296 0.021354 0.033333
0 0.005729 0.389815 0.007292 0.022222
0 0.124479 0.367593 0.006250 0.027778
0 0.136458 0.341204 0.008333 0.026852
0 0.147396 0.333333 0.008333 0.024074
0 0.265625 0.377778 0.006250 0.029630
1 0.216927 0.420833 0.028646 0.049074
1 0.259896 0.352778 0.026042 0.027778
0 0.252344 0.374074 0.002604 0.011111
0 0.330469 0.295833 0.004687 0.025000
0 0.324219 0.300463 0.006771 0.025000
1 0.406771 0.313426 0.016667 0.032407
1 0.390365 0.275463 0.017188 0.026852
2 0.446354 0.292593 0.016667 0.033333
1 0.470573 0.267593 0.014063 0.022222
1 0.450521 0.263889 0.015625 0.025926
2 0.413281 0.260648 0.015104 0.032407
0 0.436198 0.258796 0.003646 0.023148
0 0.434635 0.253241 0.003646 0.021296
0 0.438802 0.252778 0.003646 0.020370
1 0.448437 0.248611 0.014583 0.023148
2 0.442969 0.226852 0.020313 0.037037
4 0.406771 0.218981 0.017708 0.041667
0 0.355990 0.258333 0.003646 0.020370
0 0.377083 0.244907 0.004167 0.021296
0 0.374740 0.245370 0.003646 0.020370
0 0.375521 0.242130 0.003125 0.019444
0 0.379688 0.242130 0.005208 0.021296
1 0.329167 0.244444 0.018750 0.022222
0 0.353906 0.228704 0.004687 0.016667
0 0.478906 0.195370 0.003646 0.018519
0 0.482292 0.196296 0.004167 0.016667
3 0.405729 0.180093 0.009375 0.028704
2 0.449740 0.168056 0.010937 0.023148
1 0.466406 0.161111 0.009896 0.016667
4 0.389323 0.153704 0.013021 0.031481
1 0.403125 0.136111 0.008333 0.012963
1 0.427344 0.134259 0.008854 0.012963
4 0.423177 0.110185 0.010937 0.022222
1 0.401302 0.124537 0.007812 0.013889
1 0.464844 0.154630 0.009896 0.012963
2 0.435937 0.115741 0.007292 0.012963
1 0.398438 0.108333 0.007292 0.012963