1 0.569010 0.148148 0.003646 0.009259
1 0.536198 0.186111 0.008854 0.007407
1 0.537500 0.183796 0.009375 0.006481
1 0.539062 0.181481 0.009375 0.005556
1 0.572135 0.200000 0.005729 0.009259
0 0.581250 0.200463 0.002083 0.010185
0 0.591667 0.203704 0.002083 0.009259
0 0.593490 0.204167 0.001563 0.010185
2 0.542188 0.226389 0.006250 0.013889
1 0.562240 0.229630 0.006771 0.009259
1 0.561458 0.237963 0.006250 0.011111
1 0.558073 0.243519 0.006771 0.011111
1 0.555729 0.253241 0.006250 0.010185
1 0.543490 0.242130 0.006771 0.012037
0 0.563802 0.249537 0.002604 0.012037
0 0.566406 0.253704 0.002604 0.011111
0 0.569271 0.247222 0.002083 0.009259
0 0.568490 0.241204 0.002604 0.010185
0 0.565885 0.266667 0.002604 0.012963
0 0.553125 0.279167 0.003125 0.013889
0 0.557552 0.286111 0.002604 0.012963
0 0.562500 0.295833 0.002083 0.012037
0 0.527865 0.263426 0.002604 0.012037
1 0.525000 0.270370 0.009375 0.014815
0 0.525521 0.277778 0.002083 0.012963
1 0.570833 0.311111 0.010417 0.020370
1 0.552344 0.336574 0.009896 0.017593
1 0.541667 0.320370 0.009375 0.018519
2 0.437240 0.316667 0.015104 0.016667
1 0.453906 0.319907 0.015104 0.013889
1 0.453646 0.305093 0.016667 0.015741
1 0.433594 0.302778 0.014063 0.014815
1 0.478125 0.216667 0.013542 0.011111
1 0.504167 0.329167 0.011458 0.019444
0 0.502865 0.340741 0.003646 0.014815
0 0.505469 0.366204 0.003646 0.017593
1 0.488802 0.387500 0.011979 0.019444
1 0.513802 0.395370 0.013021 0.025926
2 0.458333 0.398611 0.022917 0.026852
2 0.483854 0.420370 0.014583 0.031481
0 0.561719 0.377778 0.003646 0.018519
1 0.550000 0.417130 0.014583 0.025000
0 0.539844 0.481481 0.005729 0.025926
1 0.545573 0.520833 0.019271 0.034259
1 0.430990 0.565741 0.019271 0.040741
1 0.411198 0.618981 0.021354 0.039815
2 0.368490 0.608333 0.024479 0.046296
0 0.444792 0.559259 0.005208 0.027778
0 0.392188 0.746759 0.007292 0.039815
0 0.401042 0.751389 0.008333 0.041667
1 0.382031 0.715278 0.034896 0.067593
1 0.322396 0.712037 0.025000 0.042593
0 0.137500 0.749074 0.012500 0.044444
1 0.336979 0.866667 0.044792 0.090741
1 0.306510 0.955093 0.048438 0.089815
0 0.327865 0.971296 0.011979 0.044444
0 0.304427 0.989815 0.008854 0.020370
1 0.521615 0.950926 0.035937 0.098148
1 0.461719 0.980556 0.034896 0.038889
0 0.477604 0.989352 0.011458 0.017593