1 0.078646 0.605556 0.069792 0.048148
4 0.218229 0.630556 0.134375 0.224074
1 0.360417 0.634259 0.043750 0.101852
1 0.434375 0.669444 0.043750 0.087037
1 0.373437 0.241667 0.021875 0.016667
0 0.381771 0.270370 0.003125 0.018519
0 0.372917 0.261111 0.006250 0.014815
1 0.434896 0.248148 0.021875 0.018519
1 0.451042 0.437963 0.025000 0.042593
1 0.522396 0.457407 0.028125 0.044444
1 0.502083 0.377778 0.022917 0.037037
2 0.503125 0.312037 0.016667 0.027778
3 0.478125 0.255556 0.014583 0.025926
0 0.493229 0.259259 0.005208 0.018519
1 0.606771 0.238889 0.009375 0.014815
2 0.615625 0.238889 0.014583 0.018519
1 0.622917 0.238889 0.016667 0.018519
1 0.635417 0.237963 0.014583 0.016667
1 0.632812 0.259259 0.015625 0.018519
1 0.617188 0.226852 0.017708 0.012963
0 0.846354 0.805556 0.015625 0.085185
0 0.932292 0.815741 0.020833 0.072222
0 0.869792 0.806481 0.016667 0.061111