1 0.338281 0.912963 0.208854 0.174074
0 0.096875 0.783333 0.058333 0.201852
0 0.097135 0.743981 0.042188 0.163889
0 0.146875 0.707870 0.046875 0.160185
0 0.225521 0.734722 0.035417 0.182407
1 0.417708 0.709259 0.086458 0.135185
1 0.527865 0.658796 0.066146 0.117593
1 0.450521 0.605556 0.047917 0.074074
1 0.521875 0.591667 0.045833 0.055556
1 0.515885 0.572685 0.034896 0.039815
1 0.513281 0.559259 0.032813 0.035185
1 0.457813 0.566667 0.035417 0.042593
1 0.465885 0.552778 0.027604 0.037037
1 0.475781 0.536574 0.022396 0.028704
1 0.479167 0.518981 0.015625 0.026852
2 0.481510 0.513426 0.015104 0.034259
1 0.497135 0.522222 0.016146 0.022222
1 0.497135 0.512037 0.008854 0.014815
2 0.497396 0.505556 0.010417 0.018519
1 0.586719 0.552778 0.053646 0.040741
1 0.617188 0.533796 0.039583 0.034259
1 0.590365 0.525926 0.034896 0.025926
1 0.580729 0.525463 0.028125 0.026852
1 0.574219 0.521296 0.025521 0.020370
1 0.560417 0.518519 0.022917 0.016667
1 0.556771 0.512500 0.022917 0.019444