4 0.288603 0.746405 0.130147 0.138562
1 0.308824 0.856863 0.063235 0.074510
2 0.040809 0.596078 0.040441 0.088889
0 0.066912 0.475163 0.020588 0.016993
1 0.140441 0.125490 0.039706 0.112418
1 0.209559 0.520261 0.029412 0.104575
2 0.233088 0.369281 0.047059 0.132026
1 0.034559 0.926144 0.064706 0.077124
0 0.169118 0.641830 0.013235 0.013072
0 0.185662 0.629412 0.013971 0.011765
1 0.425735 0.581699 0.064706 0.083660
2 0.209191 0.229412 0.038971 0.095425
1 0.168015 0.024837 0.034559 0.049673
1 0.506250 0.713072 0.062500 0.077124
1 0.608456 0.629412 0.063971 0.074510
0 0.513235 0.892157 0.008824 0.014379
1 0.586765 0.878431 0.051471 0.067974
2 0.553309 0.464706 0.065441 0.074510
2 0.563235 0.307843 0.060294 0.058824
2 0.645221 0.261438 0.059559 0.065359
0 0.653309 0.187582 0.008088 0.016993
0 0.581250 0.161438 0.006618 0.014379
1 0.823897 0.277124 0.062500 0.070588
1 0.690809 0.556863 0.062500 0.075817
2 0.647794 0.843791 0.050000 0.064052
0 0.667647 0.949673 0.010294 0.016993
0 0.693750 0.900654 0.008088 0.023529
2 0.693382 0.767974 0.058824 0.111111
1 0.757721 0.737255 0.058088 0.099346
2 0.795221 0.484967 0.059559 0.086275
1 0.825000 0.594118 0.063235 0.061438
1 0.865809 0.507843 0.061029 0.061438
2 0.901471 0.394771 0.055882 0.065359
2 0.975000 0.481046 0.050000 0.086275
1 0.955882 0.167320 0.064706 0.073203
2 0.893015 0.098039 0.050735 0.086275
0 0.835662 0.054248 0.012500 0.024837
1 0.844485 0.113072 0.062500 0.098039
2 0.961765 0.040523 0.052941 0.081046