0 0.026302 0.819907 0.017188 0.049074
0 0.052865 0.807870 0.013021 0.058333
0 0.076563 0.829167 0.011458 0.047222
2 0.184635 0.316667 0.023438 0.016667
1 0.339583 0.868981 0.036458 0.078704
1 0.541406 0.928704 0.043229 0.101852
0 0.555208 0.837963 0.011458 0.053704
0 0.549219 0.780093 0.010937 0.049074
0 0.538802 0.778704 0.008854 0.046296
0 0.584115 0.809259 0.010937 0.040741
1 0.480208 0.763426 0.033333 0.069444
1 0.357031 0.749074 0.055729 0.092593
0 0.553125 0.632407 0.009375 0.042593
0 0.536719 0.568981 0.006771 0.036111
1 0.540365 0.522222 0.023438 0.035185
0 0.417187 0.461111 0.003125 0.014815
0 0.421354 0.467593 0.004167 0.018519
0 0.425521 0.463889 0.005208 0.025926
1 0.482812 0.464352 0.017708 0.030556
1 0.435937 0.432870 0.015625 0.030556
0 0.522917 0.443519 0.005208 0.020370
1 0.357552 0.325463 0.021354 0.017593
2 0.361979 0.343056 0.022917 0.023148
1 0.382552 0.350463 0.026562 0.023148
1 0.404687 0.340278 0.026042 0.017593
1 0.381510 0.329167 0.021354 0.017593
0 0.398958 0.325000 0.003125 0.014815
0 0.405729 0.324074 0.003125 0.018519
0 0.526563 0.410648 0.004167 0.023148
1 0.447396 0.356481 0.014583 0.025926
0 0.451302 0.339815 0.003646 0.018519
0 0.448437 0.339815 0.004167 0.020370
0 0.455729 0.332870 0.003125 0.019444
0 0.510417 0.353241 0.004167 0.019444
0 0.520312 0.346759 0.003125 0.019444
1 0.524219 0.330093 0.011979 0.017593
1 0.503385 0.336111 0.011979 0.020370
1 0.458854 0.308796 0.015625 0.017593
0 0.507812 0.304167 0.003125 0.015741
1 0.494531 0.300926 0.008854 0.014815
1 0.460938 0.281481 0.009375 0.014815
1 0.480208 0.253241 0.007292 0.012037
0 0.514583 0.253241 0.002083 0.012037
0 0.514844 0.245370 0.001563 0.011111
1 0.493490 0.233796 0.015104 0.012037
0 0.475781 0.172222 0.001563 0.005556