1 0.417187 0.014815 0.021875 0.029630
1 0.446875 0.019444 0.016667 0.024074
1 0.362500 0.232407 0.029167 0.050000
1 0.355729 0.266667 0.030208 0.062963
1 0.563021 0.319444 0.028125 0.053704
1 0.527604 0.199074 0.026042 0.046296
1 0.632812 0.120370 0.044792 0.033333
1 0.645312 0.091667 0.038542 0.031481
1 0.691667 0.115741 0.039583 0.031481
1 0.478125 0.229630 0.029167 0.051852
2 0.348958 0.327778 0.035417 0.081481
1 0.339062 0.381481 0.032292 0.074074
1 0.475521 0.399074 0.042708 0.072222
3 0.689583 0.069444 0.056250 0.050000
1 0.463542 0.140741 0.018750 0.040741
1 0.504167 0.058333 0.016667 0.031481
1 0.528646 0.044444 0.034375 0.029630
1 0.595313 0.095370 0.042708 0.031481
1 0.446875 0.081481 0.018750 0.033333
0 0.358333 0.484259 0.012500 0.057407
0 0.476562 0.101852 0.007292 0.029630
0 0.480208 0.075926 0.006250 0.029630
0 0.430729 0.149074 0.007292 0.031481
0 0.413542 0.148148 0.006250 0.029630
0 0.316146 0.320370 0.009375 0.044444
0 0.319792 0.305556 0.012500 0.044444
0 0.501563 0.219444 0.007292 0.042593
0 0.496875 0.213889 0.008333 0.042593
0 0.503646 0.178704 0.007292 0.038889
0 0.507812 0.174074 0.005208 0.033333
0 0.526563 0.220370 0.007292 0.037037
0 0.335417 0.548148 0.012500 0.062963
0 0.328646 0.546296 0.013542 0.066667
0 0.354687 0.596296 0.013542 0.066667
0 0.369271 0.595370 0.011458 0.064815
0 0.545833 0.447222 0.012500 0.057407
0 0.561458 0.454630 0.010417 0.053704
1 0.270313 0.738889 0.076042 0.162963
3 0.442708 0.788889 0.072917 0.274074
1 0.321354 0.885185 0.059375 0.203704
0 0.358854 0.877778 0.021875 0.074074
0 0.389062 0.844444 0.019792 0.059259
0 0.655729 0.558333 0.015625 0.038889
0 0.663542 0.552778 0.016667 0.042593
0 0.635938 0.807407 0.021875 0.088889
0 0.995313 0.636111 0.009375 0.057407
0 0.793750 0.350926 0.006250 0.031481
0 0.718229 0.237963 0.007292 0.027778
0 0.732812 0.078704 0.005208 0.024074