1 0.527865 0.183333 0.003646 0.005556
2 0.518229 0.207870 0.004167 0.010185
1 0.524219 0.224537 0.007812 0.008333
0 0.544531 0.200000 0.001563 0.007407
0 0.542188 0.200000 0.002083 0.007407
1 0.538802 0.243056 0.004687 0.006481
1 0.531771 0.235648 0.004167 0.008333
1 0.529948 0.238889 0.005729 0.007407
0 0.512240 0.237500 0.001563 0.008333
0 0.515365 0.239815 0.001563 0.007407
1 0.526563 0.246759 0.006250 0.010185
0 0.527083 0.252778 0.002083 0.007407
0 0.528906 0.259722 0.002604 0.010185
0 0.519271 0.253704 0.002083 0.009259
0 0.515365 0.245833 0.001563 0.008333
1 0.504948 0.249537 0.005729 0.010185
1 0.502865 0.257870 0.003646 0.006481
1 0.541927 0.262963 0.006771 0.009259
1 0.541406 0.270370 0.007812 0.009259
1 0.542969 0.277315 0.007812 0.010185
0 0.534635 0.280093 0.001563 0.012037
1 0.528646 0.283333 0.006250 0.011111
1 0.513542 0.283796 0.007292 0.012037
0 0.504948 0.279167 0.002604 0.010185
1 0.496615 0.280093 0.005729 0.012037
0 0.501563 0.277315 0.003125 0.012037
0 0.520573 0.307870 0.002604 0.010185
1 0.490885 0.306481 0.006771 0.011111
2 0.489583 0.319444 0.008333 0.016667
0 0.484115 0.348148 0.003646 0.016667
3 0.510417 0.366667 0.027083 0.022222
0 0.510417 0.407407 0.005208 0.018519
1 0.535677 0.425463 0.009896 0.019444
1 0.471094 0.366667 0.008854 0.018519
0 0.471875 0.385648 0.002083 0.015741
1 0.465885 0.381019 0.007812 0.021296
1 0.460417 0.403241 0.013542 0.023148
1 0.454427 0.433333 0.009896 0.022222
1 0.447917 0.446296 0.014583 0.020370
0 0.459115 0.448148 0.003646 0.014815
0 0.455729 0.451389 0.005208 0.015741
0 0.448698 0.453704 0.005729 0.020370
0 0.461458 0.470370 0.004167 0.024074
0 0.453906 0.469907 0.005729 0.021296
0 0.448958 0.471759 0.006250 0.023148
1 0.426302 0.519907 0.017188 0.032407
1 0.495052 0.574537 0.018229 0.034259
1 0.418229 0.548148 0.017708 0.027778
2 0.405990 0.570833 0.015104 0.034259
1 0.403906 0.611111 0.023438 0.042593
2 0.386979 0.651389 0.026042 0.058333
0 0.432812 0.559722 0.005208 0.025000
1 0.518490 0.684722 0.022396 0.049074
1 0.520312 0.760185 0.033333 0.061111
1 0.533854 0.827778 0.025000 0.059259
0 0.514062 0.829167 0.008333 0.045370
0 0.498177 0.668981 0.005729 0.034259
1 0.534896 0.985648 0.029167 0.028704
1 0.413802 0.934259 0.034896 0.083333
1 0.333594 0.925000 0.039062 0.094444
1 0.348177 0.783333 0.027604 0.062963
1 0.291406 0.978704 0.033854 0.042593
0 0.072917 0.969444 0.015625 0.033333
0 0.080990 0.948148 0.014063 0.025926
0 0.113281 0.930093 0.005729 0.017593
0 0.156771 0.812037 0.006250 0.025926
0 0.267969 0.881481 0.004687 0.025926
0 0.247135 0.525000 0.005729 0.027778
0 0.255469 0.548148 0.005729 0.027778
2 0.273698 0.482870 0.024479 0.036111
1 0.297396 0.468519 0.013542 0.020370
0 0.361458 0.435185 0.003125 0.012963
0 0.357292 0.405556 0.003125 0.020370