0 0.393750 0.430719 0.015441 0.071895
0 0.572794 0.494771 0.025000 0.064052
0 0.754779 0.671242 0.027206 0.058824
0 0.275000 0.887582 0.027941 0.065359
0 0.397059 0.647059 0.019118 0.065359
0 0.092279 0.120915 0.024265 0.053595
0 0.104779 0.062092 0.018382 0.053595
0 0.133824 0.054248 0.019118 0.050980
0 0.140809 0.121569 0.019853 0.049673
0 0.188971 0.104575 0.014706 0.057516
0 0.238971 0.125490 0.013235 0.054902
0 0.252941 0.171895 0.013235 0.053595
0 0.330515 0.145098 0.009559 0.054902
0 0.342647 0.128758 0.010294 0.048366
0 0.333824 0.110458 0.008824 0.040523
0 0.325000 0.118301 0.008824 0.035294
0 0.381250 0.099346 0.012500 0.052288
0 0.434191 0.098693 0.008088 0.056209
0 0.448529 0.099346 0.011765 0.049673
0 0.453309 0.075163 0.012500 0.048366
0 0.008824 0.159477 0.017647 0.054902
0 0.458088 0.024837 0.013235 0.044444
0 0.473897 0.053595 0.011029 0.052288
0 0.515074 0.030719 0.009559 0.053595
0 0.519853 0.024183 0.007353 0.048366
0 0.536397 0.038562 0.011029 0.048366
0 0.606250 0.031373 0.015441 0.052288
2 0.691544 0.067320 0.084559 0.084967
1 0.797794 0.183660 0.057353 0.095425
1 0.855147 0.279085 0.080882 0.113725
1 0.963235 0.263399 0.073529 0.124183
1 0.857721 0.033987 0.068382 0.067974
1 0.960294 0.052288 0.075000 0.078431
3 0.036765 0.227451 0.051471 0.117647