3 0.225521 0.693519 0.090625 0.112963
3 0.332292 0.541667 0.147917 0.157407
3 0.237500 0.572222 0.175000 0.166667
1 0.291667 0.491667 0.045833 0.035185
2 0.600000 0.699074 0.025000 0.098148
1 0.422917 0.546296 0.043750 0.037037
1 0.507292 0.467593 0.033333 0.035185
1 0.523438 0.406481 0.030208 0.027778
1 0.511458 0.362037 0.027083 0.031481
1 0.575000 0.373148 0.022917 0.024074
3 0.435937 0.417593 0.032292 0.038889
3 0.599479 0.396296 0.034375 0.051852
1 0.615625 0.365741 0.025000 0.024074
1 0.577604 0.343519 0.026042 0.027778
3 0.578646 0.313889 0.034375 0.046296
1 0.663542 0.331481 0.022917 0.022222
1 0.742188 0.375926 0.023958 0.022222
1 0.910417 0.253704 0.014583 0.018519
1 0.259375 0.748148 0.037500 0.040741
0 0.502083 0.677778 0.008333 0.037037
1 0.929167 0.162037 0.014583 0.012963
1 0.737500 0.304630 0.020833 0.020370
3 0.394792 0.389815 0.102083 0.105556
1 0.271354 0.426852 0.038542 0.031481
2 0.290625 0.398148 0.031250 0.037037
0 0.368229 0.247222 0.005208 0.020370
0 0.084375 0.417593 0.006250 0.024074
0 0.067708 0.422222 0.006250 0.029630