1 0.056250 0.079085 0.047794 0.035294
1 0.082721 0.041830 0.046324 0.036601
1 0.099265 0.018954 0.047059 0.030065
1 0.140809 0.014379 0.028676 0.028758
1 0.146691 0.054902 0.021324 0.033987
1 0.109559 0.115033 0.029412 0.044444
1 0.028309 0.129412 0.043382 0.052288
0 0.020221 0.181699 0.013971 0.041830
1 0.012500 0.164052 0.025000 0.045752
0 0.072426 0.223529 0.013971 0.039216
0 0.064338 0.230065 0.015441 0.044444
2 0.053309 0.376471 0.074265 0.081046
1 0.278676 0.007190 0.017647 0.014379
1 0.266544 0.015686 0.040441 0.023529
1 0.262500 0.026144 0.042647 0.026144
1 0.258456 0.039869 0.034559 0.027451
0 0.261765 0.026144 0.005882 0.023529
1 0.224265 0.065359 0.025000 0.031373
1 0.262868 0.051634 0.037500 0.035294
1 0.248897 0.086928 0.044853 0.035294
1 0.227574 0.113072 0.028676 0.048366
1 0.207721 0.143137 0.050735 0.035294
0 0.220588 0.150327 0.007353 0.026144
2 0.215809 0.180392 0.063971 0.049673
0 0.204044 0.200654 0.008088 0.035294
2 0.216176 0.226797 0.076471 0.061438
0 0.145221 0.251634 0.009559 0.048366
0 0.137132 0.253595 0.009559 0.041830
0 0.294853 0.222876 0.010294 0.045752
0 0.286397 0.235294 0.008088 0.044444
1 0.185294 0.259477 0.067647 0.050980
2 0.198529 0.280392 0.079412 0.069281
0 0.216544 0.288235 0.011029 0.053595
0 0.233456 0.273203 0.009559 0.031373
0 0.225000 0.285621 0.008824 0.040523
0 0.350368 0.149673 0.008088 0.040523
0 0.341912 0.187582 0.005882 0.037908
0 0.343015 0.205229 0.006618 0.031373
0 0.340809 0.208497 0.005147 0.022222
0 0.344485 0.228105 0.008088 0.037908
0 0.340074 0.302614 0.009559 0.053595
0 0.331250 0.274510 0.008088 0.047059
0 0.349265 0.247712 0.008824 0.043137
0 0.257353 0.323529 0.008824 0.045752
0 0.259559 0.333333 0.010294 0.047059
0 0.278676 0.326144 0.008824 0.032680
1 0.121691 0.446405 0.097794 0.082353
1 0.076471 0.536601 0.123529 0.118954
0 0.163235 0.463399 0.014706 0.053595
0 0.159559 0.602614 0.020588 0.060131
1 0.036397 0.766667 0.072794 0.121569
0 0.138971 0.970588 0.017647 0.058824
0 0.174632 0.975163 0.016912 0.049673
0 0.182721 0.879739 0.018382 0.070588
0 0.349265 0.735294 0.019118 0.071895
0 0.361029 0.240523 0.008824 0.044444
0 0.421324 0.283660 0.007353 0.049673
0 0.419853 0.258824 0.007353 0.041830
0 0.397794 0.158170 0.005882 0.036601
0 0.406985 0.154248 0.009559 0.044444
0 0.415074 0.154248 0.006618 0.036601
0 0.461029 0.151634 0.007353 0.036601
0 0.442279 0.043791 0.008088 0.030065
0 0.458088 0.016340 0.010294 0.027451
0 0.471324 0.039216 0.007353 0.028758
0 0.483456 0.052288 0.006618 0.031373
0 0.505882 0.073856 0.005882 0.032680
0 0.514338 0.038562 0.006618 0.030065
0 0.519485 0.031373 0.006618 0.028758
0 0.538603 0.062092 0.009559 0.032680
0 0.552574 0.019608 0.006618 0.028758
0 0.500735 0.017647 0.007353 0.027451
0 0.617647 0.022222 0.005882 0.028758
0 0.614338 0.010458 0.005147 0.020915
0 0.643015 0.022222 0.005147 0.028758
0 0.660294 0.015033 0.005882 0.027451
0 0.683824 0.085621 0.010294 0.035294
0 0.667279 0.118301 0.006618 0.035294
0 0.654412 0.183007 0.010294 0.039216
0 0.678309 0.232026 0.009559 0.043137
0 0.364706 0.748366 0.007353 0.043137
0 0.402206 0.854248 0.019118 0.090196
0 0.423897 0.528758 0.011029 0.066667
0 0.445588 0.524183 0.008824 0.073203
0 0.548162 0.545752 0.008088 0.061438
0 0.785662 0.677124 0.018382 0.052288
0 0.832353 0.728105 0.019118 0.075817
0 0.756250 0.492810 0.013971 0.070588
0 0.754412 0.418301 0.013235 0.052288
0 0.592647 0.193464 0.014706 0.041830
0 0.611397 0.177124 0.008088 0.037908
0 0.544118 0.158824 0.007353 0.040523
0 0.540441 0.143791 0.010294 0.026144
0 0.598162 0.336601 0.008088 0.048366
0 0.606985 0.326797 0.012500 0.049673
0 0.707353 0.084967 0.005882 0.039216
0 0.704779 0.077778 0.005147 0.032680
0 0.706618 0.075163 0.007353 0.040523
0 0.727574 0.084967 0.006618 0.036601
0 0.744485 0.079739 0.006618 0.036601
0 0.734559 0.024837 0.005882 0.028758
0 0.749265 0.024837 0.008824 0.026144
0 0.787132 0.094771 0.006618 0.032680
0 0.907353 0.113072 0.008824 0.030065
0 0.847794 0.145098 0.010294 0.033987
0 0.847794 0.139869 0.007353 0.036601
0 0.991912 0.160131 0.010294 0.032680
0 0.954779 0.261438 0.009559 0.047059
0 0.990809 0.211765 0.011029 0.039216