2 0.400000 0.691667 0.083333 0.081481
2 0.292708 0.668056 0.097917 0.073148
1 0.648438 0.681019 0.095833 0.075000
1 0.471354 0.525926 0.026042 0.051852
1 0.411458 0.506944 0.031250 0.060185
1 0.519531 0.493056 0.031771 0.050926
1 0.895312 0.714352 0.088542 0.056481
0 0.653906 0.577315 0.008854 0.043519
0 0.490365 0.443056 0.004687 0.034259
0 0.484896 0.431944 0.005208 0.028704
3 0.264062 0.502778 0.070833 0.055556
1 0.302344 0.475463 0.051562 0.036111
2 0.472135 0.400000 0.009896 0.031481
1 0.455729 0.362500 0.016667 0.025000
2 0.455208 0.338426 0.015625 0.028704