0 0.644792 0.748611 0.015625 0.056481
0 0.528906 0.974537 0.014063 0.050926
3 0.419010 0.832870 0.135937 0.265741
0 0.402604 0.980556 0.012500 0.038889
0 0.777604 0.826389 0.017708 0.073148
0 0.362760 0.974074 0.011979 0.051852
0 0.233594 0.760185 0.010937 0.068519
0 0.247135 0.751852 0.013021 0.064815
0 0.252604 0.689352 0.013542 0.060185
1 0.468229 0.621759 0.045833 0.060185
1 0.448958 0.486574 0.035417 0.037963
1 0.323958 0.529167 0.031250 0.054630
1 0.284635 0.294444 0.016146 0.020370
1 0.306771 0.334259 0.018750 0.027778
3 0.294271 0.271296 0.017708 0.029630
2 0.285938 0.265741 0.013542 0.020370
3 0.282552 0.253241 0.018229 0.034259
0 0.022656 0.589815 0.010937 0.048148
3 0.259115 0.234722 0.013021 0.019444
1 0.247656 0.237037 0.011979 0.012963
1 0.254427 0.230093 0.009896 0.013889
3 0.245833 0.253704 0.018750 0.031481
3 0.239844 0.211574 0.011979 0.019444
2 0.185156 0.199537 0.008854 0.015741
1 0.222135 0.205556 0.006771 0.014815
3 0.761979 0.372222 0.032292 0.035185
3 0.616406 0.450463 0.050521 0.052778
3 0.544010 0.271296 0.032813 0.029630
3 0.530729 0.263889 0.029167 0.022222
3 0.480729 0.338889 0.057292 0.055556
3 0.365625 0.225000 0.018750 0.018519
1 0.382031 0.243981 0.015104 0.015741
2 0.401562 0.268056 0.011458 0.017593
1 0.396615 0.243519 0.015104 0.014815