0 0.161458 0.944444 0.039583 0.111111
0 0.144792 0.868519 0.022917 0.118519
0 0.156250 0.833333 0.035417 0.129630
0 0.355729 0.853704 0.023958 0.133333
0 0.336458 0.800000 0.022917 0.118519
0 0.340104 0.748148 0.017708 0.111111
0 0.330729 0.697222 0.017708 0.090741
0 0.338542 0.627778 0.020833 0.085185
0 0.363542 0.620370 0.029167 0.103704
0 0.412500 0.541667 0.020833 0.083333
0 0.755208 0.769444 0.018750 0.109259
0 0.722917 0.757407 0.022917 0.096296
0 0.666146 0.779630 0.019792 0.111111
0 0.577604 0.773148 0.021875 0.120370
0 0.713021 0.456481 0.009375 0.042593
0 0.707292 0.417593 0.012500 0.061111
1 0.883333 0.370370 0.033333 0.040741
1 0.921875 0.364815 0.010417 0.062963
0 0.616667 0.437963 0.014583 0.050000
3 0.748437 0.271296 0.144792 0.168519
2 0.477083 0.075926 0.012500 0.022222
0 0.252604 0.645370 0.017708 0.090741
0 0.239583 0.631481 0.016667 0.096296
0 0.345833 0.537037 0.018750 0.081481
0 0.275521 0.538889 0.015625 0.062963
0 0.559896 0.312037 0.009375 0.053704
0 0.539062 0.304630 0.009375 0.046296
3 0.485417 0.279630 0.029167 0.074074
0 0.447917 0.260185 0.008333 0.042593
0 0.510938 0.113889 0.005208 0.020370
2 0.539583 0.097222 0.031250 0.020370
2 0.554167 0.092593 0.029167 0.022222
3 0.549479 0.073148 0.032292 0.027778
0 0.446354 0.150000 0.005208 0.029630
3 0.435417 0.118519 0.016667 0.029630
1 0.368750 0.133333 0.039583 0.033333
1 0.415104 0.146296 0.044792 0.033333