0 0.457552 0.950000 0.015104 0.057407
0 0.471615 0.945370 0.015104 0.066667
0 0.531250 0.868056 0.012500 0.060185
0 0.561979 0.874074 0.013542 0.064815
0 0.509115 0.768981 0.009896 0.058333
2 0.659896 0.778704 0.080208 0.137037
0 0.701562 0.858333 0.009375 0.064815
0 0.709635 0.956481 0.014063 0.070370
0 0.694531 0.940278 0.014063 0.062037
0 0.697135 0.975926 0.011979 0.048148
0 0.315625 0.825463 0.012500 0.050926
0 0.346354 0.725926 0.007292 0.035185
1 0.173177 0.739352 0.058854 0.086111
1 0.119792 0.732407 0.065625 0.081481
0 0.142708 0.604630 0.014583 0.038889
0 0.130729 0.625000 0.008333 0.042593
0 0.132292 0.613889 0.010417 0.040741
0 0.009896 0.379630 0.013542 0.031481
0 0.207292 0.412963 0.008333 0.033333
1 0.211719 0.537963 0.060937 0.075926
1 0.193229 0.490278 0.065625 0.050926
0 0.395833 0.765278 0.011458 0.060185
0 0.439583 0.793056 0.008333 0.058333
0 0.428125 0.726852 0.011458 0.059259
0 0.464844 0.704630 0.008854 0.044444
0 0.445833 0.759259 0.016667 0.055556
0 0.462500 0.771759 0.009375 0.060185
0 0.460156 0.755556 0.013021 0.057407
0 0.388281 0.668981 0.010937 0.050926
0 0.404167 0.666204 0.010417 0.050926
0 0.474740 0.558333 0.006771 0.022222
0 0.445312 0.555556 0.009375 0.038889
0 0.437760 0.555093 0.007812 0.041667
0 0.416146 0.544444 0.010417 0.038889
0 0.251042 0.482870 0.007292 0.028704
0 0.180729 0.292130 0.005208 0.026852
1 0.186198 0.313426 0.026562 0.028704
1 0.311458 0.495370 0.047917 0.053704
0 0.255729 0.274537 0.005208 0.028704
3 0.246615 0.327778 0.028646 0.059259
1 0.264583 0.312500 0.017708 0.034259
1 0.273177 0.291667 0.020313 0.031481
1 0.285677 0.271296 0.018229 0.027778
1 0.297396 0.254630 0.018750 0.027778
1 0.304427 0.237500 0.018229 0.025000
1 0.316406 0.221296 0.017188 0.027778
1 0.397917 0.265278 0.017708 0.032407
1 0.591146 0.456944 0.059375 0.047222