2 0.239338 0.918301 0.115441 0.163399
1 0.332353 0.418301 0.082353 0.062745
1 0.348897 0.338562 0.075735 0.057516
1 0.383088 0.302614 0.073529 0.056209
0 0.326103 0.196078 0.006618 0.033987
1 0.504412 0.184314 0.020588 0.041830
2 0.570221 0.422876 0.034559 0.066667
2 0.557353 0.718301 0.055882 0.155556
1 0.857721 0.942484 0.138971 0.115033
1 0.831250 0.771895 0.130147 0.103268
1 0.765074 0.521569 0.087500 0.070588
1 0.744118 0.431373 0.094118 0.062745
1 0.720956 0.367974 0.081618 0.058824
1 0.694853 0.316340 0.060294 0.052288
0 0.749265 0.333333 0.007353 0.044444
0 0.755515 0.333987 0.006618 0.035294
2 0.776103 0.306536 0.041912 0.069281
0 0.784926 0.220261 0.008088 0.032680
0 0.789706 0.231373 0.004412 0.015686
0 0.698529 0.223529 0.007353 0.033987
2 0.673162 0.209804 0.052206 0.043137
2 0.636397 0.314379 0.031618 0.069281
2 0.580147 0.177124 0.023529 0.043137
1 0.572426 0.103268 0.018382 0.028758
0 0.602574 0.104575 0.005147 0.028758
2 0.618382 0.113725 0.022059 0.041830
2 0.523162 0.086928 0.018382 0.035294
2 0.565809 0.056863 0.016912 0.030065
2 0.566912 0.031373 0.014706 0.023529
1 0.564338 0.009804 0.013971 0.019608
2 0.535662 0.033987 0.012500 0.033987
1 0.524632 0.011111 0.013971 0.022222
0 0.487132 0.084314 0.005147 0.024837
0 0.408824 0.088235 0.004412 0.019608
0 0.685294 0.139869 0.007353 0.033987
0 0.697426 0.115033 0.006618 0.028758
0 0.411765 0.043791 0.004412 0.022222