0 0.208456 0.567974 0.018382 0.066667
0 0.011765 0.658170 0.020588 0.079739
0 0.156985 0.499346 0.018382 0.065359
0 0.020588 0.564706 0.020588 0.075817
0 0.097059 0.425490 0.017647 0.061438
0 0.042279 0.411765 0.015441 0.057516
0 0.181985 0.373203 0.018382 0.058824
0 0.136397 0.379739 0.016912 0.058824
0 0.316176 0.393464 0.016176 0.054902
0 0.333456 0.672549 0.019853 0.066667
0 0.982353 0.641176 0.019118 0.061438
0 0.853676 0.503268 0.011765 0.047059
0 0.638235 0.564706 0.017647 0.070588
0 0.598529 0.608497 0.019118 0.064052
0 0.567647 0.699346 0.026471 0.070588
0 0.566912 0.630719 0.017647 0.058824
0 0.527574 0.586275 0.016912 0.069281
0 0.549265 0.594118 0.017647 0.056209
0 0.558824 0.552941 0.014706 0.067974
0 0.579412 0.564052 0.016176 0.069281
0 0.600735 0.420915 0.013235 0.054902
0 0.571691 0.298039 0.009559 0.033987
0 0.590074 0.301961 0.009559 0.031373
0 0.477941 0.365359 0.014706 0.048366
0 0.500000 0.328758 0.010294 0.048366
0 0.403676 0.335948 0.016176 0.044444
0 0.445956 0.326144 0.015441 0.053595
0 0.435294 0.326797 0.008824 0.044444
0 0.478309 0.320261 0.011029 0.044444
0 0.475735 0.309804 0.010294 0.047059
0 0.468015 0.312418 0.011029 0.041830
0 0.483824 0.292157 0.008824 0.043137
0 0.464706 0.285621 0.011765 0.040523
0 0.450000 0.292157 0.008824 0.045752
0 0.440809 0.291503 0.009559 0.039216