0 0.694792 0.960185 0.009375 0.050000
1 0.509115 0.956019 0.040104 0.084259
1 0.449479 0.884722 0.037500 0.075000
0 0.407552 0.900000 0.008854 0.042593
1 0.365885 0.926389 0.036979 0.099074
1 0.325260 0.841667 0.059896 0.061111
1 0.362760 0.743519 0.055729 0.048148
1 0.405208 0.712963 0.027083 0.053704
0 0.552344 0.722222 0.006771 0.035185
0 0.533854 0.706944 0.004167 0.036111
0 0.517188 0.782407 0.007292 0.038889
0 0.511458 0.785648 0.007292 0.030556
1 0.524219 0.666204 0.022396 0.047222
1 0.480729 0.643519 0.022917 0.046296
0 0.544010 0.612963 0.005729 0.022222
0 0.535417 0.620370 0.005208 0.022222
0 0.466146 0.671296 0.007292 0.033333
1 0.542448 0.585648 0.017188 0.032407
0 0.421875 0.629630 0.006250 0.031481
0 0.417969 0.630556 0.005729 0.027778
1 0.462240 0.534722 0.016146 0.030556
1 0.540885 0.547222 0.017188 0.027778
1 0.534635 0.499074 0.015104 0.031481
1 0.528906 0.458333 0.011979 0.024074
1 0.520052 0.439352 0.017188 0.023148
0 0.519271 0.458333 0.005208 0.020370
0 0.506250 0.455093 0.004167 0.023148
0 0.425000 0.573148 0.005208 0.027778
0 0.419271 0.575926 0.006250 0.024074
0 0.436719 0.559259 0.006771 0.027778
1 0.421615 0.557407 0.017188 0.025926
1 0.427344 0.523611 0.016146 0.032407
1 0.426302 0.494444 0.016146 0.029630
1 0.440625 0.481944 0.013542 0.026852
0 0.449740 0.486111 0.003646 0.022222
1 0.435156 0.448148 0.013021 0.025926
2 0.442448 0.412963 0.011979 0.020370
1 0.446615 0.397685 0.011979 0.019444
1 0.516406 0.420833 0.011979 0.021296
0 0.357031 0.688889 0.006771 0.037037
0 0.341146 0.606019 0.006250 0.030556
0 0.294531 0.695370 0.009896 0.037037
0 0.280469 0.698148 0.007812 0.031481
0 0.275260 0.698148 0.008854 0.029630
0 0.169792 0.702315 0.007292 0.037963
1 0.138802 0.718981 0.056771 0.036111
0 0.063021 0.687037 0.005208 0.022222
0 0.066406 0.681019 0.005729 0.026852
0 0.255729 0.570833 0.005208 0.028704
1 0.451042 0.361111 0.012500 0.020370
2 0.353646 0.345370 0.011458 0.020370
1 0.503385 0.208796 0.004687 0.006481
1 0.432552 0.233796 0.006771 0.008333
2 0.438281 0.237500 0.005729 0.010185
1 0.444531 0.236111 0.008854 0.005556
1 0.497135 0.222685 0.004687 0.006481
2 0.509896 0.229630 0.005208 0.007407
1 0.510677 0.237037 0.004687 0.007407
1 0.500781 0.244444 0.004687 0.011111
1 0.489844 0.241667 0.004687 0.007407
1 0.490625 0.250926 0.005208 0.009259
0 0.495573 0.245833 0.001563 0.010185
0 0.501563 0.257870 0.002083 0.010185
0 0.498698 0.256481 0.002604 0.011111
0 0.491146 0.325926 0.002083 0.014815
0 0.491927 0.324074 0.002604 0.011111
1 0.491927 0.297222 0.006771 0.012963
1 0.483594 0.272222 0.006771 0.011111
1 0.473958 0.266204 0.006250 0.010185
0 0.475521 0.271759 0.003125 0.010185
1 0.471094 0.283796 0.005729 0.010185
0 0.473698 0.287500 0.002604 0.012037
0 0.475781 0.318519 0.002604 0.007407
1 0.461719 0.310185 0.006771 0.012963
0 0.469531 0.326852 0.002604 0.011111
0 0.471094 0.319907 0.002604 0.013889
0 0.468229 0.319907 0.003125 0.010185
0 0.466406 0.320370 0.002604 0.014815