1 0.966544 0.601307 0.066912 0.081046
2 0.955882 0.532680 0.088235 0.079739
1 0.755515 0.607190 0.108088 0.084967
1 0.794853 0.526144 0.104412 0.077124
1 0.717279 0.481046 0.090441 0.062745
0 0.844118 0.448366 0.017647 0.049673
0 0.985662 0.475817 0.015441 0.049673
1 0.962500 0.782353 0.075000 0.129412
0 0.853309 0.732026 0.019853 0.073203
0 0.491912 0.825490 0.025000 0.071895
1 0.542647 0.559477 0.098529 0.088889
0 0.605882 0.394771 0.010294 0.047059
0 0.612500 0.403268 0.010294 0.048366
0 0.374632 0.362745 0.009559 0.043137
0 0.384559 0.281699 0.008824 0.043137
0 0.379779 0.268627 0.008088 0.037908
1 0.359559 0.288889 0.032353 0.054902
1 0.356250 0.233333 0.034559 0.048366
2 0.320221 0.213725 0.033088 0.064052
1 0.221691 0.280392 0.066912 0.058824
2 0.395956 0.088889 0.022794 0.036601
1 0.404044 0.161438 0.024265 0.037908
2 0.414706 0.120915 0.022059 0.043137
1 0.423529 0.101307 0.019118 0.030065
1 0.444853 0.124837 0.017647 0.032680
1 0.468750 0.120261 0.018382 0.031373
1 0.472426 0.090196 0.016912 0.028758
1 0.469118 0.072549 0.016176 0.027451
1 0.469485 0.049020 0.013971 0.022222
1 0.490809 0.062092 0.013971 0.024837
1 0.493015 0.048366 0.013971 0.020915
1 0.476471 0.033987 0.013235 0.020915
2 0.493015 0.028758 0.011029 0.023529
1 0.479779 0.017647 0.012500 0.016993
1 0.512868 0.032680 0.013971 0.023529
1 0.534191 0.137255 0.037500 0.028758
0 0.531618 0.160784 0.007353 0.028758
0 0.537132 0.158170 0.006618 0.028758
0 0.476103 0.213725 0.011029 0.030065
0 0.448162 0.156209 0.006618 0.030065
0 0.036397 0.305229 0.011029 0.048366
0 0.046324 0.300654 0.010294 0.044444
0 0.068750 0.281046 0.011029 0.044444
0 0.075368 0.268627 0.009559 0.037908
0 0.130515 0.355556 0.012500 0.047059
0 0.137500 0.360131 0.014706 0.048366
0 0.144118 0.350980 0.011765 0.048366
0 0.150735 0.343791 0.008824 0.041830
0 0.231985 0.304575 0.008088 0.031373
0 0.259559 0.290850 0.010294 0.040523
0 0.247059 0.296732 0.008824 0.036601
0 0.223162 0.232680 0.009559 0.036601
0 0.231985 0.232680 0.009559 0.039216
1 0.334191 0.132026 0.033088 0.028758
1 0.365074 0.090196 0.030147 0.023529
4 0.488235 0.008497 0.014706 0.016993
0 0.514338 0.008497 0.003676 0.016993
2 0.373162 0.022876 0.013971 0.024837
1 0.390809 0.035948 0.027206 0.019608
1 0.400735 0.028105 0.025000 0.019608
1 0.408088 0.014379 0.023529 0.018301
1 0.414706 0.010458 0.023529 0.015686
0 0.409559 0.054248 0.004412 0.019608
0 0.416544 0.054248 0.005147 0.019608
0 0.328676 0.234641 0.007353 0.037908
0 0.418382 0.037908 0.004412 0.015686
0 0.417647 0.033987 0.004412 0.015686