1 0.451786 0.663810 0.025000 0.074286
1 0.445714 0.575714 0.024286 0.073333
1 0.436786 0.496667 0.025000 0.071429
1 0.551429 0.633333 0.022857 0.068571
1 0.546071 0.555238 0.025000 0.068571
1 0.547143 0.482857 0.022857 0.068571
1 0.529286 0.272381 0.022857 0.066667
2 0.565357 0.837143 0.027857 0.081905
2 0.559643 0.732857 0.025000 0.077143
2 0.526786 0.185238 0.023571 0.065714
2 0.520000 0.095714 0.021429 0.065714
2 0.152500 0.410952 0.053571 0.031429
2 0.243929 0.346667 0.056429 0.032381
1 0.164286 0.457143 0.051429 0.032381
1 0.249286 0.445714 0.048571 0.032381
1 0.308214 0.374286 0.053571 0.032381
1 0.232857 0.406667 0.057143 0.032381
1 0.056429 0.369048 0.057143 0.033333
3 0.362143 0.430476 0.057143 0.030476
3 0.540000 0.370952 0.025714 0.080952
3 0.084286 0.435238 0.068571 0.032381
0 0.351429 0.480476 0.007143 0.010476
0 0.400357 0.500000 0.006429 0.009524
0 0.252500 0.477619 0.009286 0.010476
0 0.186429 0.494762 0.011429 0.006667
0 0.232500 0.301429 0.009286 0.014286
0 0.081429 0.318571 0.014286 0.010476
0 0.395000 0.229524 0.007143 0.013333
0 0.402857 0.225714 0.007143 0.015238
0 0.390357 0.145238 0.007857 0.020000
0 0.383214 0.280000 0.007857 0.019048
0 0.389286 0.299048 0.008571 0.013333
0 0.372857 0.302857 0.007143 0.011429
0 0.304643 0.301905 0.010714 0.013333
0 0.307500 0.298571 0.005000 0.006667
0 0.192857 0.308571 0.012857 0.009524
0 0.173929 0.315714 0.015000 0.014286
0 0.191071 0.320000 0.013571 0.011429
0 0.392500 0.086667 0.006429 0.015238
0 0.385357 0.040000 0.006429 0.022857
0 0.373214 0.028095 0.007857 0.016190
0 0.058214 0.326667 0.013571 0.011429
0 0.073214 0.315238 0.009286 0.011429