0 0.449250 0.750000 0.023500 0.045333
0 0.450750 0.737667 0.021500 0.050000
3 0.414250 0.755000 0.083500 0.236667
3 0.402750 0.554000 0.059500 0.140000
2 0.491500 0.536333 0.060000 0.130000
0 0.368750 0.380000 0.011500 0.038667
0 0.402500 0.373000 0.014000 0.040667
0 0.409000 0.354667 0.014000 0.038667
2 0.321500 0.311333 0.086000 0.064000
1 0.368000 0.253333 0.030000 0.054667
0 0.353000 0.211667 0.008000 0.034000
1 0.332000 0.207333 0.065000 0.041333
1 0.300750 0.169667 0.028500 0.042000
0 0.364000 0.145000 0.008000 0.027333
0 0.368000 0.127667 0.008000 0.026000
0 0.301250 0.107333 0.009500 0.026667
0 0.293250 0.119667 0.007500 0.020667
0 0.289000 0.112333 0.009000 0.026000
0 0.289750 0.110333 0.007500 0.026000
1 0.346750 0.119000 0.022500 0.030000
0 0.382750 0.065667 0.006500 0.022000
2 0.301000 0.024667 0.014000 0.025333
2 0.302250 0.045333 0.013500 0.026667
0 0.346750 0.049333 0.005500 0.020000
2 0.552750 0.462667 0.053500 0.097333
3 0.476750 0.274667 0.043500 0.070667
1 0.611750 0.927667 0.095500 0.140667
0 0.597750 0.670000 0.015500 0.025333
0 0.627000 0.626333 0.026000 0.059333
0 0.598500 0.644000 0.017000 0.049333
3 0.626750 0.533667 0.098500 0.126000
0 0.438500 0.185000 0.007000 0.027333
0 0.440000 0.179333 0.007000 0.029333
3 0.436750 0.142000 0.025500 0.044000
1 0.408500 0.121667 0.024000 0.032667
1 0.404500 0.084333 0.020000 0.024667
0 0.375250 0.008000 0.006500 0.016000