1 0.760357 0.049524 0.050714 0.047619
1 0.778929 0.012381 0.032143 0.024762
3 0.745000 0.016190 0.067143 0.032381
0 0.921429 0.012857 0.007143 0.021905
0 0.827857 0.051429 0.011429 0.028571
0 0.843214 0.019524 0.007857 0.023810
0 0.852500 0.021429 0.006429 0.021905
0 0.671786 0.013333 0.006429 0.020952
1 0.476429 0.860000 0.121429 0.144762
1 0.616071 0.723333 0.109286 0.113333
1 0.677857 0.793810 0.111429 0.126667
1 0.831786 0.764286 0.096429 0.119048
1 0.891786 0.454286 0.075000 0.081905
1 0.827857 0.625238 0.088571 0.090476
2 0.717143 0.623333 0.088571 0.100000
2 0.962500 0.298095 0.062143 0.068571
1 0.965714 0.580952 0.068571 0.095238
1 0.980714 0.447619 0.038571 0.066667
1 0.336429 0.971429 0.088571 0.057143