2 0.356472 0.689703 0.053236 0.127087
0 0.391701 0.461503 0.010960 0.038033
0 0.432933 0.454082 0.008873 0.038033
0 0.408925 0.438776 0.013048 0.040816
1 0.680324 0.546382 0.028706 0.064935
0 0.662839 0.491651 0.017745 0.038961
0 0.676931 0.205473 0.006263 0.025046
0 0.676409 0.191558 0.008351 0.030612
0 0.662578 0.211503 0.006785 0.031540
0 0.650835 0.196197 0.008351 0.032468
0 0.636482 0.191558 0.008873 0.030612
1 0.599426 0.100186 0.018267 0.038961
2 0.605167 0.045455 0.019311 0.044527
0 0.432411 0.090445 0.006785 0.025046
1 0.443111 0.186920 0.027140 0.058442
1 0.509134 0.027365 0.018267 0.038033