1 0.007857 0.048223 0.015714 0.073604
1 0.077857 0.131345 0.035714 0.097716
2 0.035000 0.213198 0.070000 0.073604
2 0.026786 0.315355 0.053571 0.067259
1 0.030714 0.261421 0.061429 0.063452
2 0.022857 0.378173 0.045714 0.076142
2 0.017143 0.436548 0.032857 0.083756
0 0.358214 0.751904 0.016429 0.044416
0 0.446786 0.829949 0.010714 0.030457
0 0.475714 0.825508 0.014286 0.039340
0 0.472143 0.928299 0.010000 0.049492
0 0.721071 0.505076 0.015000 0.040609
0 0.564643 0.334391 0.006429 0.034264
0 0.547143 0.341371 0.008571 0.043147
0 0.542500 0.328680 0.009286 0.030457
0 0.484643 0.321066 0.007857 0.045685
0 0.425714 0.449873 0.010000 0.039340
0 0.381786 0.546320 0.007857 0.034264
0 0.426071 0.361675 0.007857 0.022843
0 0.424286 0.342640 0.008571 0.032995
0 0.402500 0.357234 0.009286 0.031726
0 0.411786 0.334391 0.010714 0.041878
0 0.329286 0.394670 0.011429 0.043147
0 0.545714 0.044416 0.008571 0.045685
0 0.708214 0.093274 0.010714 0.036802
0 0.740714 0.182741 0.012857 0.048223
0 0.743214 0.200508 0.009286 0.030457