3 0.116786 0.103333 0.055000 0.079048
1 0.176071 0.244286 0.032143 0.080952
1 0.033571 0.489524 0.057143 0.104762
1 0.247143 0.321905 0.064286 0.076190
1 0.367857 0.204762 0.042857 0.070476
3 0.244286 0.241429 0.054286 0.073333
1 0.327857 0.308571 0.070000 0.059048
1 0.399643 0.334286 0.062143 0.049524
1 0.455714 0.331429 0.038571 0.097143
1 0.296071 0.429048 0.083571 0.052381
1 0.163571 0.895714 0.062857 0.124762
1 0.763214 0.389524 0.066429 0.080000
4 0.700000 0.681429 0.121429 0.218095
1 0.857500 0.793333 0.092143 0.060952
1 0.873571 0.130476 0.050000 0.068571
1 0.931786 0.073333 0.062143 0.070476