1 0.051429 0.959048 0.080000 0.081905
1 0.088929 0.899524 0.079286 0.096190
2 0.141786 0.813333 0.082143 0.093333
2 0.216786 0.687619 0.073571 0.076190
1 0.222143 0.612857 0.068571 0.073333
1 0.318929 0.862857 0.067857 0.114286
1 0.361071 0.905238 0.069286 0.120952
1 0.403214 0.944286 0.069286 0.111429
1 0.446429 0.966667 0.061429 0.066667
3 0.515357 0.815714 0.089286 0.100000
1 0.612857 0.900000 0.085714 0.093333
0 0.509286 0.870000 0.012857 0.018095
0 0.896786 0.681905 0.023571 0.019048
0 0.757143 0.571429 0.014286 0.015238
0 0.750714 0.563810 0.015714 0.017143
0 0.745714 0.550952 0.012857 0.016190
0 0.762143 0.550476 0.014286 0.017143
0 0.769286 0.561905 0.015714 0.015238
0 0.713571 0.484762 0.012857 0.020952
0 0.723214 0.487619 0.013571 0.022857
1 0.483571 0.267143 0.055714 0.058095
0 0.511071 0.220952 0.013571 0.024762
0 0.988214 0.497619 0.023571 0.021905
0 0.938214 0.402857 0.020714 0.020952
0 0.940714 0.360000 0.017143 0.020952
0 0.847143 0.316190 0.020000 0.022857
0 0.740714 0.245714 0.011429 0.022857
1 0.291786 0.465238 0.065000 0.071429
0 0.171429 0.411429 0.017143 0.022857
1 0.181786 0.032381 0.050714 0.060952
1 0.158214 0.019524 0.055000 0.039048