2 0.578214 0.927143 0.065000 0.145714
0 0.530714 0.934762 0.021429 0.044762
0 0.386429 0.693810 0.030000 0.033333
0 0.360357 0.786190 0.022143 0.042857
1 0.523214 0.438571 0.042143 0.096190
3 0.260714 0.824762 0.132857 0.272381
0 0.160357 0.794762 0.030714 0.035238
3 0.091071 0.830000 0.179286 0.340000
3 0.172143 0.467619 0.137143 0.287619
0 0.257143 0.450952 0.018571 0.033333
3 0.273214 0.372381 0.069286 0.123810
3 0.475714 0.076667 0.038571 0.107619
1 0.383214 0.122381 0.030714 0.058095
1 0.362500 0.039524 0.023571 0.042857
3 0.262500 0.186190 0.053571 0.115238
1 0.876786 0.420000 0.053571 0.097143