3 0.450000 0.226667 0.028571 0.034286
1 0.806071 0.367619 0.019286 0.026667
1 0.786071 0.365238 0.016429 0.029524
1 0.397857 0.270476 0.021429 0.017143
1 0.328214 0.169524 0.009286 0.013333
2 0.454643 0.094762 0.005000 0.008571
1 0.575000 0.189524 0.008571 0.015238
3 0.564286 0.164762 0.020000 0.013333
3 0.571071 0.206190 0.027857 0.020000
2 0.700714 0.265238 0.015714 0.014286
3 0.712143 0.047143 0.008571 0.016190
3 0.454286 0.058095 0.007143 0.017143
3 0.457500 0.079524 0.007857 0.018095
0 0.440714 0.436190 0.002857 0.017143