0 0.471429 0.531429 0.011429 0.013333
0 0.491786 0.460476 0.005000 0.010476
0 0.360714 0.452381 0.008571 0.013333
0 0.168214 0.817143 0.007857 0.011429
0 0.285000 0.648095 0.011429 0.014286
0 0.215357 0.986667 0.015000 0.009524
0 0.109286 0.627619 0.010000 0.009524
0 0.942500 0.432857 0.010714 0.014286
0 0.949286 0.432857 0.008571 0.016190
0 0.567500 0.018095 0.005000 0.017143
0 0.554286 0.027619 0.004286 0.015238
0 0.558571 0.030000 0.005714 0.018095
0 0.519643 0.098571 0.005000 0.016190
0 0.512143 0.098571 0.002857 0.018095
3 0.971786 0.153810 0.056429 0.115238