2 0.295000 0.924000 0.129000 0.152000
3 0.353000 0.703667 0.150000 0.114000
0 0.428250 0.504333 0.013500 0.038000
0 0.578750 0.900000 0.023500 0.050667
0 0.564750 0.864333 0.013500 0.031333
0 0.554000 0.848333 0.019000 0.035333
0 0.645750 0.689667 0.021500 0.047333
0 0.666250 0.687667 0.019500 0.036667
3 0.694250 0.741667 0.117500 0.226000
0 0.700750 0.571000 0.019500 0.048667
1 0.597500 0.406333 0.076000 0.115333
0 0.648500 0.359667 0.018000 0.048667
3 0.912500 0.495333 0.107000 0.280000
0 0.724750 0.397667 0.015500 0.048667
0 0.727500 0.423000 0.019000 0.046000
2 0.931500 0.285333 0.059000 0.109333
0 0.869250 0.318333 0.021500 0.036667
1 0.756500 0.112000 0.039000 0.054667
1 0.983250 0.155000 0.033500 0.046000
1 0.909500 0.113000 0.051000 0.043333
0 0.919250 0.067000 0.015500 0.039333
0 0.904750 0.048333 0.013500 0.032667
0 0.888250 0.044333 0.014500 0.031333
1 0.783250 0.073000 0.032500 0.044667
0 0.792750 0.021000 0.017500 0.027333
1 0.800000 0.030333 0.032000 0.039333
0 0.897250 0.017000 0.011500 0.027333
0 0.903500 0.023667 0.011000 0.022000