0 0.380357 0.382857 0.009286 0.022857
0 0.558214 0.668571 0.012143 0.028571
0 0.724643 0.563810 0.010714 0.022857
0 0.706071 0.693333 0.012143 0.030476
0 0.719643 0.706190 0.010714 0.023810
0 0.320357 0.890952 0.015000 0.025714
0 0.311786 0.659048 0.010714 0.019048
0 0.262143 0.649048 0.011429 0.018095
1 0.389643 0.231429 0.036429 0.072381
3 0.371429 0.306190 0.030000 0.073333
1 0.361786 0.382381 0.033571 0.073333
1 0.344286 0.462857 0.032857 0.087619
1 0.667857 0.509524 0.054286 0.074286
1 0.754643 0.469048 0.046429 0.077143
1 0.602500 0.641429 0.040714 0.092381
1 0.306071 0.688095 0.082143 0.054286
1 0.598214 0.758095 0.035000 0.106667
1 0.601071 0.865238 0.036429 0.101905
3 0.303571 0.803333 0.047143 0.130476
0 0.038571 0.282857 0.010000 0.015238
0 0.048929 0.305714 0.013571 0.013333
0 0.341071 0.042381 0.010714 0.023810
0 0.320714 0.031905 0.010000 0.023810
0 0.934643 0.116667 0.007857 0.023810
1 0.924643 0.060476 0.026429 0.037143