0 0.505714 0.117143 0.002857 0.011429
0 0.504643 0.130476 0.003571 0.013333
1 0.522143 0.018571 0.007143 0.008571
1 0.522857 0.028571 0.008571 0.011429
1 0.536786 0.036667 0.009286 0.010476
1 0.516786 0.036667 0.009286 0.014286
1 0.505357 0.028571 0.007857 0.011429
1 0.503571 0.037143 0.008571 0.011429
2 0.488571 0.075714 0.007143 0.016190
1 0.523929 0.059048 0.010714 0.013333
1 0.520357 0.080476 0.010714 0.016190
1 0.559643 0.101429 0.010714 0.014286
1 0.485714 0.102381 0.011429 0.016190
1 0.484643 0.113333 0.010714 0.013333
0 0.482500 0.130000 0.003571 0.012381
1 0.482857 0.125238 0.011429 0.016190
1 0.497500 0.117619 0.010714 0.014286
1 0.496071 0.130000 0.012143 0.021905
2 0.476429 0.178095 0.011429 0.028571
0 0.486429 0.187143 0.004286 0.016190
1 0.585357 0.167619 0.013571 0.024762
0 0.596786 0.172857 0.003571 0.012381
1 0.592857 0.210952 0.017143 0.020000
1 0.596786 0.226667 0.016429 0.024762
2 0.687500 0.250000 0.019286 0.035238
1 0.516786 0.266190 0.019286 0.033333
1 0.631429 0.398571 0.025714 0.040952
1 0.600714 0.469524 0.030000 0.041905
1 0.510000 0.465238 0.024286 0.052381
3 0.715357 0.335714 0.032143 0.050476
0 0.463929 0.363333 0.006429 0.021905
0 0.456786 0.383333 0.006429 0.023810
0 0.379643 0.293333 0.006429 0.020952
1 0.320714 0.512857 0.054286 0.052381
3 0.047857 0.674762 0.045714 0.100000
0 0.023214 0.644286 0.016429 0.031429
0 0.022143 0.684762 0.010000 0.015238
1 0.010357 0.690952 0.020714 0.082857
1 0.516786 0.668095 0.033571 0.088571
1 0.724286 0.465714 0.054286 0.036190
1 0.697500 0.422381 0.055000 0.025714
0 0.815714 0.427143 0.005714 0.021905