0 0.402662 0.799165 0.015136 0.049165
1 0.373173 0.162801 0.026096 0.023191
0 0.168580 0.807050 0.012526 0.040816
2 0.438935 0.046846 0.010438 0.017625
1 0.448069 0.025046 0.008873 0.016698
1 0.494259 0.052412 0.009395 0.015770
1 0.493476 0.097403 0.010960 0.018553
1 0.507829 0.074675 0.010438 0.019481
1 0.512526 0.166512 0.016701 0.025046
1 0.530010 0.093228 0.009916 0.019481
1 0.513048 0.014378 0.006263 0.013915
1 0.454071 0.004638 0.002088 0.009276
3 0.488779 0.248145 0.031837 0.082560
1 0.568372 0.299165 0.019833 0.036178
0 0.606211 0.253711 0.004697 0.023191
0 0.611691 0.259740 0.004175 0.014842
0 0.611169 0.255102 0.006263 0.020408
0 0.674843 0.520408 0.010438 0.050093
1 0.581942 0.630798 0.036534 0.087199
1 0.524269 0.627551 0.036013 0.099258
1 0.677975 0.939239 0.056367 0.119666
3 0.457203 0.866419 0.074113 0.257885
0 0.741910 0.594156 0.010960 0.043599
0 0.817589 0.552876 0.010960 0.033395
0 0.802192 0.547310 0.010438 0.033395
0 0.974165 0.722171 0.015136 0.051020
0 0.981994 0.717069 0.017223 0.044527
2 0.920407 0.631262 0.069415 0.069573
1 0.894572 0.541280 0.059499 0.045455
1 0.872651 0.505102 0.070981 0.051020
2 0.859342 0.459647 0.033925 0.030612
1 0.791232 0.457792 0.037578 0.060297
0 0.806889 0.410946 0.008351 0.031540
1 0.695720 0.224490 0.035491 0.025974
1 0.689196 0.207328 0.033925 0.023191
2 0.686065 0.190167 0.036013 0.033395
2 0.691545 0.183673 0.030271 0.022263
1 0.764875 0.352041 0.049582 0.034323
0 0.598382 0.067254 0.003653 0.012059
1 0.568372 0.031076 0.007307 0.012059
0 0.592902 0.034787 0.003132 0.012059