3 0.089509 0.720315 0.177975 0.377551
1 0.845511 0.908627 0.064718 0.164193
1 0.680846 0.763451 0.065240 0.116883
1 0.023486 0.119202 0.046973 0.032468
1 0.015136 0.100186 0.030271 0.027829
0 0.236952 0.377087 0.011482 0.034323
0 0.244781 0.370130 0.012526 0.040816
0 0.042797 0.365955 0.015658 0.039889
0 0.029749 0.361781 0.009395 0.024119
0 0.023747 0.355288 0.014092 0.033395
1 0.144311 0.214750 0.052714 0.047310
1 0.200939 0.303803 0.045929 0.052876
1 0.279749 0.295455 0.060543 0.047310
1 0.305585 0.310761 0.045407 0.050093
2 0.343163 0.371985 0.053758 0.061224
0 0.401357 0.409555 0.011482 0.041744
0 0.424843 0.380334 0.008351 0.037106
0 0.397965 0.750464 0.016180 0.051948
1 0.495042 0.417440 0.049582 0.064935
0 0.485908 0.332096 0.010438 0.035250
1 0.550104 0.339981 0.044885 0.058442
0 0.513048 0.292672 0.005219 0.021336
0 0.521399 0.288961 0.008351 0.028757
1 0.691284 0.138683 0.028706 0.036178
1 0.712161 0.111781 0.024530 0.036178
2 0.731211 0.091837 0.028184 0.040816
0 0.743998 0.062616 0.005741 0.021336
1 0.763570 0.062152 0.024008 0.025974
1 0.793841 0.032468 0.024008 0.029685
4 0.631263 0.386364 0.075678 0.140074
0 0.587161 0.568646 0.011482 0.025974
1 0.577766 0.666976 0.028184 0.042672