1 0.829286 0.394036 0.054286 0.102792
1 0.801786 0.044416 0.039286 0.060914
3 0.861429 0.274112 0.080000 0.149746
1 0.975714 0.475888 0.048571 0.111675
3 0.958929 0.047589 0.082143 0.092640
0 0.392857 0.942259 0.015714 0.034264
0 0.401071 0.607234 0.012143 0.036802
0 0.692143 0.410533 0.008571 0.031726
0 0.697857 0.409264 0.008571 0.031726
0 0.675000 0.300127 0.005714 0.029188
0 0.681429 0.299492 0.007143 0.030457
0 0.414643 0.439086 0.009286 0.030457
0 0.411786 0.417513 0.007857 0.025381
0 0.453214 0.333756 0.009286 0.038071
0 0.457857 0.333122 0.007143 0.034264
0 0.472143 0.293782 0.008571 0.021574
0 0.453571 0.220812 0.008571 0.035533
0 0.448929 0.222716 0.006429 0.031726
0 0.420357 0.153553 0.006429 0.022843
0 0.420000 0.166244 0.008571 0.030457
0 0.431071 0.026650 0.006429 0.027919
0 0.451429 0.018401 0.005714 0.026650
0 0.456071 0.017766 0.006429 0.030457
0 0.617857 0.085025 0.008571 0.025381