1 0.203929 0.869048 0.062143 0.054286
1 0.541429 0.866190 0.035714 0.082857
1 0.719643 0.694286 0.052143 0.036190
1 0.745000 0.626190 0.041429 0.035238
1 0.786786 0.647143 0.046429 0.035238
1 0.804643 0.600000 0.039286 0.030476
1 0.486786 0.671429 0.029286 0.062857
1 0.578214 0.631905 0.036429 0.054286
1 0.556429 0.579524 0.030000 0.054286
1 0.535357 0.523333 0.026429 0.050476
1 0.478929 0.611429 0.030714 0.051429
1 0.461071 0.561429 0.026429 0.046667
1 0.381071 0.260000 0.016429 0.026667
2 0.565714 0.963333 0.035714 0.073333
2 0.446071 0.503333 0.023571 0.048571
2 0.431786 0.445714 0.025000 0.049524
1 0.394643 0.302857 0.013571 0.026667
1 0.440000 0.255714 0.014286 0.027619
3 0.511429 0.766190 0.035714 0.079048
3 0.657500 0.660952 0.050714 0.045714
3 0.400000 0.325714 0.022857 0.047619
0 0.651071 0.716667 0.010714 0.014286
0 0.696071 0.690000 0.007857 0.016190
0 0.549643 0.614286 0.009286 0.015238
0 0.549643 0.443810 0.006429 0.019048
0 0.774286 0.573333 0.005714 0.020952
0 0.782857 0.577143 0.007143 0.015238
0 0.399643 0.196667 0.007857 0.012381
3 0.409643 0.367143 0.022143 0.046667