1 0.043929 0.040952 0.027857 0.015238
2 0.084286 0.020952 0.020000 0.024762
1 0.072857 0.020952 0.020000 0.019048
1 0.110000 0.045714 0.028571 0.017143
1 0.159286 0.089524 0.027143 0.017143
1 0.177500 0.049524 0.032143 0.017143
1 0.225357 0.091429 0.032143 0.019048
1 0.152857 0.027143 0.020000 0.020000
1 0.170714 0.029524 0.020000 0.017143
1 0.225357 0.032381 0.023571 0.017143
1 0.241071 0.032857 0.017857 0.018095
1 0.260357 0.024762 0.017857 0.022857
1 0.414286 0.004762 0.021429 0.009524
1 0.484643 0.008571 0.015000 0.017143
3 0.557143 0.019524 0.031429 0.039048
3 0.579286 0.015238 0.018571 0.030476
1 0.606429 0.006190 0.012857 0.012381
3 0.598929 0.019524 0.010714 0.016190
1 0.331786 0.636190 0.033571 0.078095
1 0.443571 0.568095 0.035714 0.065714
3 0.410714 0.661429 0.045714 0.090476
3 0.361429 0.778095 0.061429 0.118095
1 0.310000 0.754762 0.047143 0.094286
3 0.224643 0.807619 0.082143 0.152381
1 0.330714 0.922857 0.054286 0.114286
1 0.265714 0.872857 0.058571 0.113333
1 0.138571 0.684286 0.074286 0.067619
1 0.023571 0.775714 0.047143 0.050476
3 0.758214 0.809048 0.035000 0.098095
3 0.552143 0.871429 0.047143 0.121905
0 0.698929 0.480476 0.007857 0.023810
1 0.630714 0.380000 0.020000 0.043810
1 0.622143 0.319524 0.021429 0.035238
0 0.705714 0.262857 0.005714 0.020952
1 0.589286 0.211905 0.018571 0.027619
1 0.597500 0.158095 0.017857 0.024762
1 0.648571 0.160476 0.017143 0.025714
3 0.651071 0.111429 0.016429 0.040000
1 0.610714 0.101905 0.014286 0.024762
1 0.624643 0.044286 0.015000 0.020000
1 0.633571 0.007143 0.012857 0.014286
2 0.783571 0.047143 0.027143 0.018095
1 0.779643 0.057619 0.030714 0.016190
1 0.757143 0.049048 0.010000 0.021905
1 0.763214 0.113810 0.013571 0.018095
1 0.798214 0.101905 0.023571 0.013333
2 0.798571 0.108571 0.024286 0.015238
2 0.799286 0.117143 0.025714 0.017143
1 0.802857 0.130476 0.025714 0.017143
1 0.791786 0.157619 0.013571 0.020000
1 0.807857 0.159524 0.011429 0.018095
1 0.858571 0.172857 0.035714 0.035238
1 0.887857 0.177143 0.035714 0.030476
1 0.921071 0.181905 0.037857 0.022857
3 0.885357 0.137619 0.050714 0.040952
3 0.833214 0.532381 0.069286 0.053333
1 0.752143 0.607143 0.028571 0.060000