1 0.224643 0.389524 0.117857 0.074286
1 0.087500 0.205238 0.103571 0.061905
1 0.268571 0.100476 0.092857 0.056190
1 0.323214 0.153810 0.090714 0.058095
3 0.416429 0.191429 0.140000 0.102857
1 0.021429 0.144286 0.042857 0.056190
1 0.464643 0.039524 0.077857 0.056190
1 0.676786 0.173810 0.090714 0.067619
1 0.706786 0.052381 0.089286 0.055238
1 0.662143 0.015238 0.082857 0.030476
1 0.520000 0.276667 0.092857 0.063810
0 0.495714 0.625714 0.014286 0.038095
0 0.987857 0.553333 0.018571 0.036190
0 0.561071 0.580476 0.016429 0.035238
0 0.544286 0.567619 0.022857 0.036190
1 0.976071 0.168095 0.047857 0.056190
1 0.346786 0.011905 0.082143 0.023810