0 0.257143 0.188095 0.007143 0.018095
1 0.112500 0.189524 0.037857 0.032381
0 0.091429 0.127619 0.010000 0.015238
0 0.225714 0.152381 0.005714 0.013333
3 0.042500 0.313333 0.047857 0.049524
1 0.292143 0.386667 0.045714 0.034286
1 0.372143 0.455714 0.038571 0.037143
1 0.450357 0.525238 0.046429 0.040952
0 0.361071 0.712381 0.010714 0.022857
0 0.295000 0.683810 0.008571 0.013333
0 0.518214 0.315714 0.005000 0.016190
0 0.619643 0.443810 0.007857 0.017143
0 0.802500 0.987143 0.009286 0.012381
0 0.732500 0.752857 0.009286 0.010476
0 0.773571 0.480952 0.007143 0.015238
0 0.787143 0.485714 0.010000 0.015238
0 0.787857 0.500000 0.007143 0.015238
1 0.718929 0.638571 0.052143 0.040952
4 0.560714 0.580952 0.094286 0.078095
1 0.583214 0.348571 0.040714 0.036190
1 0.660000 0.290952 0.038571 0.037143
1 0.825357 0.089524 0.035000 0.032381
1 0.825714 0.040476 0.031429 0.037143
1 0.853929 0.016190 0.029286 0.032381