0 0.450000 0.224762 0.007143 0.032381
1 0.590000 0.142857 0.027143 0.047619
1 0.925000 0.212857 0.025714 0.046667
0 0.987143 0.466190 0.014286 0.029524
3 0.936786 0.395714 0.039286 0.080952
1 0.936429 0.335238 0.032857 0.053333
1 0.720714 0.248095 0.032857 0.058095
1 0.700357 0.303810 0.035000 0.064762
1 0.685000 0.374286 0.042857 0.078095
1 0.654643 0.461905 0.040714 0.072381
1 0.625714 0.576190 0.051429 0.097143
1 0.565357 0.591429 0.052143 0.104762
1 0.696786 0.718095 0.052143 0.116190
3 0.522500 0.273810 0.045000 0.067619