1 0.107777 0.393321 0.032881 0.020408
2 0.288622 0.357607 0.026096 0.021336
3 0.325157 0.351577 0.024008 0.018553
2 0.609864 0.305659 0.012004 0.012059
0 0.594468 0.659091 0.005219 0.026902
0 0.581681 0.653061 0.007829 0.033395
0 0.569676 0.658627 0.005741 0.031540
0 0.522443 0.674861 0.008351 0.034323
0 0.513831 0.672078 0.008873 0.034323
0 0.480428 0.675788 0.007829 0.034323
0 0.401879 0.687384 0.008351 0.035250
0 0.354384 0.725881 0.011482 0.039889
0 0.789405 0.493506 0.003653 0.014842
0 0.800365 0.472171 0.003653 0.011132
0 0.640397 0.491651 0.004175 0.014842
0 0.786795 0.471243 0.004697 0.009276
0 0.625783 0.504174 0.004175 0.012059