0 0.515357 0.439048 0.006429 0.015238
0 0.520714 0.450952 0.007143 0.020000
0 0.552143 0.491429 0.011429 0.015238
0 0.521429 0.982857 0.010000 0.019048
0 0.636786 0.993333 0.012143 0.013333
0 0.607857 0.460000 0.010000 0.015238
0 0.623571 0.451905 0.010000 0.014286
0 0.684643 0.589048 0.009286 0.014286
0 0.698929 0.613810 0.015000 0.016190
0 0.708214 0.858095 0.012143 0.019048
0 0.958571 0.145238 0.017143 0.023810
0 0.223571 0.646190 0.011429 0.016190
1 0.878929 0.772857 0.070714 0.063810
1 0.858214 0.661905 0.059286 0.068571
1 0.546071 0.390476 0.053571 0.083810
1 0.933214 0.611905 0.070714 0.067619
1 0.985714 0.573810 0.028571 0.058095
1 0.708929 0.391905 0.067857 0.063810
1 0.779286 0.348095 0.065714 0.065714
1 0.849286 0.303810 0.067143 0.062857
1 0.370714 0.973810 0.084286 0.052381
0 0.455357 0.977619 0.015000 0.016190