1 0.095714 0.018095 0.077143 0.034286
2 0.185000 0.172857 0.094286 0.079048
2 0.276071 0.038095 0.055000 0.074286
1 0.362500 0.022381 0.042143 0.044762
1 0.137143 0.081429 0.048571 0.077143
1 0.161071 0.127619 0.073571 0.081905
2 0.452857 0.050952 0.055714 0.080952
1 0.539286 0.205238 0.060000 0.084762
1 0.437500 0.194762 0.053571 0.079048
1 0.279286 0.221905 0.057143 0.091429
0 0.293929 0.201905 0.013571 0.028571
1 0.260357 0.328571 0.076429 0.074286
1 0.287857 0.369048 0.075714 0.073333
1 0.355000 0.566667 0.045714 0.106667
0 0.217143 0.958571 0.017143 0.018095
0 0.261786 0.938571 0.016429 0.029524
0 0.308571 0.990000 0.012857 0.018095
0 0.329643 0.985714 0.013571 0.020952
0 0.346429 0.961905 0.011429 0.020952
0 0.315000 0.965238 0.011429 0.016190
0 0.353214 0.893810 0.013571 0.020000
0 0.333929 0.820952 0.016429 0.013333
0 0.290357 0.843333 0.015000 0.016190
0 0.277143 0.860000 0.014286 0.017143
0 0.391071 0.801905 0.012143 0.019048
0 0.429286 0.780000 0.012857 0.013333
0 0.493214 0.855238 0.009286 0.020952
0 0.502143 0.885714 0.007143 0.017143
2 0.483929 0.960476 0.073571 0.077143
0 0.580357 0.875714 0.010714 0.016190
1 0.501429 0.543333 0.065714 0.100000
2 0.648571 0.532857 0.055714 0.080952
2 0.526071 0.451429 0.062143 0.097143
3 0.636071 0.349524 0.095000 0.137143
1 0.940000 0.971429 0.061429 0.055238
1 0.949643 0.764762 0.052143 0.112381
1 0.802143 0.801429 0.077143 0.103810
1 0.748929 0.844286 0.069286 0.107619
1 0.796786 0.691429 0.066429 0.089524
2 0.970000 0.482381 0.060000 0.075238