1 0.579071 0.698980 0.044363 0.110390
1 0.468946 0.576994 0.032881 0.107607
2 0.667276 0.657699 0.042276 0.113173
0 0.256263 0.965213 0.018789 0.045455
0 0.274530 0.889610 0.016701 0.042672
0 0.413622 0.368275 0.007829 0.038961
0 0.423017 0.377551 0.008873 0.035250
0 0.484603 0.376623 0.010960 0.040816
1 0.830115 0.408163 0.055846 0.059369
1 0.734603 0.362245 0.036013 0.047310
0 0.682672 0.144712 0.008351 0.022263
1 0.639353 0.108998 0.032359 0.028757
1 0.630480 0.090445 0.032359 0.026902
3 0.585334 0.122913 0.028706 0.080705