2 0.376429 0.927619 0.035714 0.106667
3 0.447857 0.872381 0.044286 0.152381
1 0.512500 0.867143 0.042143 0.115238
1 0.505000 0.730476 0.038571 0.100952
1 0.439286 0.730000 0.034286 0.092381
3 0.376786 0.771905 0.033571 0.113333
1 0.383571 0.637143 0.032857 0.080000
1 0.492857 0.605238 0.031429 0.077143
2 0.430357 0.584762 0.026429 0.074286
1 0.427500 0.465714 0.026429 0.066667
1 0.472143 0.381905 0.024286 0.053333
1 0.408929 0.358095 0.025000 0.053333
1 0.466786 0.329048 0.022143 0.046667
1 0.459643 0.281429 0.019286 0.040952
1 0.454643 0.226667 0.019286 0.040000
0 0.249643 0.769524 0.013571 0.026667
0 0.254286 0.739524 0.011429 0.025714
2 0.276071 0.542857 0.032143 0.074286
1 0.301071 0.340476 0.026429 0.048571
1 0.440357 0.047619 0.015000 0.026667
1 0.478929 0.070476 0.013571 0.019048
2 0.490000 0.037619 0.014286 0.021905
3 0.465000 0.021905 0.017143 0.034286
2 0.045714 0.916667 0.080000 0.088571
1 0.096429 0.791429 0.075714 0.049524
1 0.118214 0.744762 0.073571 0.047619
1 0.136786 0.704762 0.063571 0.043810
1 0.148214 0.671429 0.060714 0.040000
1 0.169643 0.631905 0.050714 0.040952
0 0.139286 0.646190 0.015714 0.021905
0 0.055357 0.725714 0.020714 0.030476
1 0.053214 0.635714 0.039286 0.077143
1 0.092857 0.592857 0.047143 0.080952
0 0.963214 0.802381 0.019286 0.025714
0 0.942857 0.678095 0.017143 0.022857
0 0.936071 0.663333 0.016429 0.021905
3 0.826429 0.578571 0.068571 0.061905
1 0.720714 0.416667 0.040000 0.050476
1 0.651786 0.369048 0.032143 0.044762
3 0.668929 0.346667 0.035000 0.053333
1 0.595000 0.323810 0.031429 0.043810
1 0.646071 0.302857 0.022143 0.038095
2 0.624286 0.272857 0.020000 0.037143
3 0.630000 0.229524 0.025714 0.036190
3 0.655000 0.230000 0.024286 0.039048
2 0.587857 0.159048 0.027143 0.028571
3 0.612500 0.148571 0.040714 0.028571
3 0.589643 0.114762 0.022143 0.029524
3 0.521786 0.191905 0.035000 0.101905
2 0.573214 0.108095 0.016429 0.025714
3 0.589643 0.081429 0.022143 0.033333
3 0.554643 0.060476 0.025000 0.042857
1 0.522143 0.072857 0.017143 0.025714
1 0.534643 0.007143 0.013571 0.014286
1 0.746786 0.150000 0.029286 0.021905
0 0.190714 0.332857 0.012857 0.020000
0 0.181786 0.298571 0.010714 0.020000