2 0.298800 0.416976 0.043319 0.041744
1 0.357777 0.410946 0.046451 0.037106
0 0.620303 0.334416 0.007829 0.025046
0 0.539405 0.341837 0.008873 0.026902
0 0.511743 0.349722 0.006785 0.027829
3 0.534186 0.378015 0.048539 0.039889
0 0.451722 0.356215 0.006785 0.029685
0 0.445981 0.343228 0.006785 0.022263
0 0.474426 0.506957 0.007307 0.032468
0 0.493215 0.581169 0.008351 0.038033
0 0.505480 0.626160 0.012004 0.042672
0 0.418841 0.849722 0.015136 0.050093
0 0.397443 0.871058 0.012004 0.046382
0 0.723121 0.393785 0.006785 0.026902
1 0.716336 0.352041 0.040188 0.028757
0 0.750000 0.314007 0.005219 0.019481