1 0.070000 0.534762 0.058571 0.033333
1 0.278929 0.514762 0.056429 0.033333
1 0.523571 0.497619 0.051429 0.046667
1 0.600714 0.462857 0.055714 0.036190
1 0.708214 0.459048 0.053571 0.034286
1 0.818929 0.444286 0.052143 0.033333
1 0.941071 0.482857 0.050714 0.030476
1 0.426429 0.875238 0.024286 0.066667
1 0.470000 0.803333 0.025714 0.073333
1 0.537500 0.756190 0.023571 0.070476
3 0.538571 0.920476 0.035714 0.136190
0 0.779286 0.330000 0.014286 0.010476
0 0.787500 0.337619 0.013571 0.012381
0 0.784286 0.347143 0.015714 0.008571
0 0.786429 0.355238 0.012857 0.009524
0 0.780000 0.363810 0.014286 0.009524