1 0.308571 0.805714 0.055714 0.085714
1 0.335714 0.774762 0.057143 0.096190
3 0.376786 0.759048 0.073571 0.112381
1 0.407857 0.727143 0.058571 0.086667
1 0.432500 0.695238 0.050714 0.078095
1 0.483929 0.663810 0.047857 0.083810
2 0.516071 0.645714 0.045000 0.080000
1 0.549286 0.634286 0.048571 0.091429
1 0.586429 0.629048 0.051429 0.088571
1 0.672143 0.814286 0.067143 0.064762
2 0.803929 0.645238 0.060714 0.071429
1 0.630000 0.570952 0.060000 0.061905
2 0.611071 0.538571 0.057857 0.063810
2 0.574286 0.497143 0.072857 0.060952
0 0.441429 0.573333 0.014286 0.015238
2 0.542857 0.331429 0.050000 0.064762
2 0.340714 0.163810 0.042857 0.051429
0 0.775000 0.190952 0.014286 0.021905
0 0.803214 0.115714 0.013571 0.021905
0 0.797500 0.103810 0.012143 0.026667
0 0.806429 0.076667 0.012857 0.023810
0 0.823929 0.076190 0.013571 0.024762
0 0.841071 0.188095 0.012143 0.021905
1 0.853214 0.290476 0.042143 0.080000
0 0.962143 0.289048 0.018571 0.020000
2 0.924286 0.029524 0.054286 0.051429
1 0.939643 0.018095 0.055000 0.036190