1 0.683929 0.171905 0.052143 0.037143
1 0.520714 0.225714 0.050000 0.055238
1 0.539643 0.466190 0.023571 0.067619
1 0.432857 0.524286 0.028571 0.069524
1 0.539286 0.729524 0.024286 0.070476
1 0.188571 0.825714 0.052857 0.066667
1 0.173214 0.706667 0.047857 0.066667
2 0.514643 0.952857 0.037857 0.065714
2 0.346071 0.173810 0.046429 0.037143
0 0.249286 0.916667 0.015714 0.020000
0 0.267143 0.915238 0.011429 0.019048
0 0.374643 0.904286 0.006429 0.021905
1 0.807143 0.170000 0.055714 0.037143
0 0.831786 0.036190 0.016429 0.017143
0 0.838929 0.071905 0.013571 0.018095
0 0.847500 0.064762 0.010714 0.015238
0 0.847500 0.056190 0.012143 0.015238
0 0.850357 0.046667 0.010714 0.015238
2 0.023571 0.825238 0.047143 0.063810
1 0.014643 0.709048 0.029286 0.060000
1 0.048571 0.713333 0.051429 0.068571
1 0.085714 0.712381 0.048571 0.064762
1 0.130714 0.708095 0.052857 0.069524
3 0.540357 0.623333 0.036429 0.126667
1 0.985714 0.170000 0.028571 0.035238
0 0.503929 0.896190 0.007857 0.020952