1 0.176750 0.963667 0.156500 0.072667
1 0.120000 0.882333 0.143000 0.116667
1 0.286000 0.871000 0.136000 0.179333
2 0.429250 0.820000 0.127500 0.144000
1 0.227000 0.685000 0.121000 0.116667
1 0.393750 0.650000 0.125500 0.108000
1 0.078000 0.729000 0.120000 0.136667
2 0.090500 0.400000 0.087000 0.104000
1 0.021500 0.620667 0.043000 0.121333
3 0.200000 0.509667 0.125000 0.147333
3 0.276250 0.477333 0.097500 0.114667
0 0.335000 0.779667 0.021000 0.031333
0 0.265250 0.616000 0.017500 0.041333
0 0.235000 0.605000 0.018000 0.035333
0 0.258000 0.596000 0.014000 0.033333
0 0.256000 0.576000 0.016000 0.032000
1 0.089750 0.017333 0.061500 0.034667
2 0.702000 0.874333 0.132000 0.176667
0 0.539000 0.733667 0.018000 0.031333
0 0.571750 0.610000 0.021500 0.044000
0 0.497000 0.538000 0.015000 0.033333
0 0.483750 0.539000 0.012500 0.038000
3 0.470250 0.477333 0.112500 0.112000
0 0.515750 0.446000 0.013500 0.032000
0 0.631000 0.410333 0.015000 0.035333
0 0.619750 0.394000 0.013500 0.040000
0 0.683500 0.402667 0.017000 0.042667
0 0.652500 0.372667 0.010000 0.028000
0 0.645500 0.358000 0.013000 0.033333
3 0.615500 0.271333 0.110000 0.094667
3 0.786500 0.528000 0.127000 0.097333
3 0.911000 0.408000 0.057000 0.088000
0 0.782250 0.359333 0.022500 0.037333
0 0.713250 0.333333 0.019500 0.041333
0 0.731250 0.348333 0.015500 0.036667
0 0.789500 0.271333 0.012000 0.038667
0 0.778500 0.257333 0.016000 0.041333
0 0.804750 0.264667 0.011500 0.025333
0 0.848250 0.253000 0.018500 0.044667
0 0.819250 0.248000 0.011500 0.041333
0 0.818250 0.238333 0.017500 0.040667
0 0.797750 0.226333 0.009500 0.027333
0 0.791750 0.218667 0.013500 0.034667
0 0.758000 0.218333 0.011000 0.030000
0 0.762000 0.248333 0.011000 0.039333
0 0.841750 0.193667 0.015500 0.043333
0 0.958750 0.174667 0.024500 0.041333
0 0.922500 0.101667 0.017000 0.036667
0 0.937500 0.051333 0.018000 0.038667
0 0.994250 0.037667 0.011500 0.038000
1 0.716000 0.087000 0.059000 0.056667