1 0.673017 0.753247 0.066284 0.090909
1 0.649791 0.690631 0.067850 0.071429
1 0.634916 0.624768 0.062109 0.086271
1 0.628392 0.511132 0.050104 0.063080
1 0.621347 0.475417 0.042276 0.052876
1 0.620303 0.422078 0.047495 0.059369
1 0.719990 0.401206 0.043319 0.060297
1 0.727035 0.449907 0.044885 0.059369
1 0.738518 0.486549 0.056367 0.064007
0 0.749478 0.498145 0.014614 0.033395
1 0.761743 0.587199 0.045407 0.074212
1 0.781315 0.711967 0.062630 0.078850
1 0.807933 0.787106 0.068894 0.084416
0 0.772704 0.307050 0.007829 0.031540
0 0.771921 0.294527 0.007307 0.028757
1 0.693372 0.280612 0.039144 0.049165
1 0.604123 0.248609 0.022443 0.035250
1 0.674843 0.161874 0.036534 0.039889
1 0.663622 0.141466 0.031837 0.026902
1 0.593424 0.134972 0.032359 0.028757
1 0.591336 0.115955 0.030271 0.024119
1 0.582985 0.022727 0.028184 0.023191
1 0.581681 0.012523 0.026618 0.017625
1 0.583507 0.005566 0.022965 0.011132
3 0.486430 0.043599 0.013570 0.033395
1 0.467119 0.175325 0.017745 0.035250
2 0.468424 0.242115 0.019311 0.042672
0 0.452244 0.400742 0.008873 0.029685
0 0.452766 0.390538 0.008873 0.031540
0 0.538361 0.592764 0.006785 0.033395
0 0.540449 0.685065 0.007829 0.032468
0 0.539405 0.712894 0.006785 0.032468
4 0.485647 0.568182 0.040188 0.134508
0 0.299843 0.398423 0.007829 0.034323
0 0.294363 0.391002 0.006263 0.032468
1 0.423800 0.303803 0.036534 0.051020
0 0.156837 0.552412 0.010960 0.038033
0 0.165449 0.523655 0.012526 0.036178
0 0.191806 0.449907 0.010960 0.031540
0 0.171973 0.428571 0.010960 0.031540
0 0.321503 0.203618 0.007307 0.026902
0 0.353340 0.028757 0.003132 0.018553
2 0.375261 0.060297 0.014614 0.037106