1 0.551786 0.302381 0.010714 0.014286
1 0.540000 0.316667 0.010000 0.014286
1 0.556786 0.360952 0.013571 0.020952
1 0.561429 0.408571 0.018571 0.028571
1 0.577143 0.475238 0.020000 0.034286
3 0.539643 0.442381 0.020714 0.046667
1 0.538571 0.522857 0.022857 0.038095
1 0.565714 0.583333 0.031429 0.044762
1 0.492143 0.604286 0.050000 0.048571
1 0.443214 0.556190 0.027857 0.049524
1 0.488571 0.510000 0.021429 0.039048
1 0.460357 0.502381 0.022143 0.040952
1 0.431786 0.492857 0.022143 0.037143
1 0.420357 0.533810 0.026429 0.042857
1 0.402857 0.673333 0.071429 0.053333
1 0.887143 0.726190 0.072857 0.042857
1 0.965714 0.783333 0.068571 0.048571
1 0.956071 0.837143 0.086429 0.047619
1 0.303214 0.708095 0.076429 0.048571
1 0.350357 0.743810 0.079286 0.053333
1 0.084643 0.813810 0.097857 0.054286
0 0.662143 0.614286 0.007143 0.028571
0 0.627857 0.351905 0.005714 0.020000
0 0.608214 0.307619 0.002143 0.009524
0 0.577143 0.258571 0.002857 0.010476