1 0.453571 0.570952 0.117143 0.069524
1 0.536786 0.461429 0.079286 0.079048
0 0.691071 0.760476 0.020714 0.042857
0 0.720000 0.686190 0.020000 0.050476
1 0.899286 0.623333 0.115714 0.077143
1 0.476429 0.143333 0.024286 0.046667
1 0.434643 0.155238 0.030714 0.036190
1 0.287857 0.144762 0.030000 0.045714
2 0.310357 0.086190 0.023571 0.040952
2 0.321786 0.055238 0.022143 0.040000
3 0.329286 0.027143 0.028571 0.046667
4 0.415357 0.020476 0.026429 0.040952
0 0.455000 0.067619 0.007143 0.024762
0 0.456429 0.050476 0.007143 0.022857
0 0.866429 0.867143 0.031429 0.044762
0 0.985357 0.857143 0.027857 0.038095
2 0.757143 0.640952 0.104286 0.081905
0 0.871786 0.471905 0.019286 0.040952
0 0.088929 0.427143 0.023571 0.048571