1 0.143250 0.156000 0.054500 0.029333
1 0.070500 0.159000 0.040000 0.027333
1 0.045750 0.059333 0.016500 0.010667
1 0.046750 0.074000 0.010500 0.013333
2 0.254250 0.286667 0.050500 0.096000
2 0.281250 0.201667 0.035500 0.062000
1 0.201250 0.130000 0.056500 0.029333
2 0.232000 0.149000 0.055000 0.039333
2 0.256750 0.169333 0.062500 0.052000
0 0.192000 0.165333 0.009000 0.028000
0 0.177750 0.149667 0.006500 0.024667
1 0.045000 0.045667 0.012000 0.011333
0 0.351000 0.288333 0.013000 0.035333
2 0.249500 0.453333 0.068000 0.144000
0 0.406250 0.372333 0.019500 0.064667
0 0.430500 0.375000 0.017000 0.072667
0 0.451500 0.377333 0.018000 0.070667
0 0.668000 0.472333 0.022000 0.070000
0 0.690500 0.512667 0.027000 0.073333
0 0.721000 0.539667 0.021000 0.058000
2 0.709000 0.364333 0.129000 0.102000
2 0.551750 0.223667 0.037500 0.076667
0 0.480750 0.222000 0.014500 0.041333
2 0.508750 0.158000 0.022500 0.044000
0 0.427500 0.117667 0.003000 0.015333
0 0.424000 0.112000 0.006000 0.025333
1 0.374000 0.064333 0.015000 0.016667
1 0.361000 0.050667 0.013000 0.014667
1 0.357750 0.044333 0.009500 0.011333
0 0.352250 0.026667 0.003500 0.013333
0 0.357000 0.027000 0.003000 0.011333
0 0.362000 0.037333 0.002000 0.008000
0 0.365750 0.033333 0.003500 0.013333
0 0.343000 0.015667 0.004000 0.011333
1 0.336000 0.002333 0.007000 0.004667
1 0.336000 0.017333 0.007000 0.005333
1 0.342000 0.025333 0.014000 0.008000
4 0.341750 0.031333 0.008500 0.016000
0 0.359750 0.033667 0.001500 0.007333
0 0.357750 0.035000 0.002500 0.008667
0 0.347000 0.023333 0.003000 0.008000
1 0.234250 0.096333 0.024500 0.012667
2 0.551250 0.223000 0.037500 0.076667