4 0.354643 0.477157 0.197857 0.124365
4 0.041429 0.441624 0.082857 0.116751
2 0.711071 0.717640 0.082143 0.085025
2 0.833214 0.847081 0.073571 0.156091
2 0.890714 0.851523 0.081429 0.154822
2 0.981786 0.847081 0.036429 0.130711
2 0.720000 0.028553 0.037143 0.057107
2 0.756071 0.018401 0.035000 0.036802
1 0.526786 0.428299 0.033571 0.100254
1 0.386786 0.240482 0.059286 0.049492
1 0.272857 0.144670 0.034286 0.068528
4 0.539286 0.082487 0.035714 0.164975
0 0.496429 0.746827 0.011429 0.029188
0 0.321786 0.786802 0.015000 0.032995
0 0.111071 0.361675 0.017857 0.038071
0 0.489286 0.420051 0.007143 0.035533
0 0.478571 0.414975 0.008571 0.035533