1 0.510714 0.967143 0.032857 0.065714
3 0.375000 0.917143 0.078571 0.066667
1 0.295357 0.865238 0.090714 0.058095
1 0.345000 0.793333 0.081429 0.047619
3 0.365000 0.712381 0.095714 0.051429
1 0.359286 0.650476 0.085714 0.049524
1 0.363929 0.581905 0.076429 0.053333
3 0.344286 0.455714 0.104286 0.073333
1 0.496429 0.355714 0.032857 0.101905
1 0.796786 0.975714 0.067857 0.048571
1 0.783929 0.916190 0.076429 0.072381
1 0.772500 0.859524 0.067857 0.048571
3 0.790357 0.800000 0.087857 0.057143
1 0.890714 0.832857 0.052857 0.111429
0 0.863214 0.392857 0.017857 0.016190
0 0.633571 0.292857 0.014286 0.018095
0 0.630357 0.269524 0.012143 0.020952
1 0.645714 0.481429 0.038571 0.101905
0 0.407143 0.100952 0.010000 0.024762
1 0.488214 0.040952 0.032143 0.081905
0 0.549286 0.093810 0.010000 0.023810
0 0.558571 0.090000 0.008571 0.023810
1 0.591429 0.033810 0.035714 0.067619
1 0.710357 0.019524 0.033571 0.039048