1 0.281837 0.455473 0.029228 0.066790
1 0.312630 0.436920 0.032359 0.063080
1 0.249739 0.304731 0.024530 0.041744
1 0.199113 0.088590 0.012004 0.023191
1 0.121086 0.069573 0.009395 0.016698
1 0.103079 0.075603 0.010960 0.013915
1 0.176409 0.058442 0.009395 0.014842
1 0.187891 0.051020 0.010438 0.016698
1 0.181367 0.030612 0.006785 0.016698
1 0.173017 0.011596 0.006785 0.013915
1 0.161273 0.012059 0.007307 0.012987
1 0.102557 0.056122 0.008873 0.010204
1 0.103862 0.041280 0.009395 0.015770
1 0.102296 0.024583 0.010438 0.012059