3 0.312143 0.035238 0.010000 0.013333
2 0.302143 0.030000 0.007143 0.010476
1 0.295714 0.033810 0.005714 0.008571
0 0.329286 0.066190 0.004286 0.012381
1 0.378571 0.114762 0.012857 0.016190
1 0.426786 0.154762 0.017857 0.020000
1 0.310357 0.089524 0.016429 0.011429
1 0.403929 0.037619 0.007857 0.006667
0 0.446429 0.062857 0.002857 0.009524
3 0.649643 0.197619 0.036429 0.039048
3 0.763571 0.300476 0.038571 0.042857
3 0.515714 0.290476 0.052857 0.093333
0 0.679286 0.861429 0.014286 0.039048
1 0.856071 0.418571 0.052143 0.046667
1 0.233571 0.304762 0.055714 0.026667