0 0.057143 0.345178 0.007143 0.012690
0 0.147143 0.214467 0.007143 0.012690
0 0.225000 0.260152 0.004286 0.015228
0 0.223929 0.282360 0.005000 0.016497
0 0.214643 0.305203 0.005000 0.011421
0 0.233929 0.262056 0.005000 0.013959
0 0.238929 0.267132 0.005000 0.008883
0 0.244643 0.263325 0.005000 0.011421
0 0.241786 0.273477 0.002143 0.006345
0 0.249643 0.276015 0.003571 0.008883
0 0.052143 0.355964 0.005714 0.008883
0 0.208929 0.788071 0.005000 0.010152
1 0.243571 0.861675 0.034286 0.060914
2 0.342143 0.681472 0.030000 0.053299
4 0.295714 0.762690 0.050000 0.091371
1 0.372143 0.617386 0.028571 0.052030
0 0.381071 0.537437 0.003571 0.013959
1 0.405000 0.547589 0.027143 0.049492
2 0.468571 0.344543 0.018571 0.041878
2 0.455000 0.416878 0.018571 0.041878
4 0.433571 0.473350 0.038571 0.078680
0 0.407857 0.192259 0.005714 0.011421
0 0.429286 0.197970 0.002857 0.012690
0 0.447500 0.203680 0.003571 0.011421
0 0.449286 0.209391 0.005714 0.012690
1 0.315714 0.079949 0.018571 0.032995
1 0.337143 0.057741 0.015714 0.039340
1 0.342857 0.012690 0.015714 0.025381
1 0.327143 0.092005 0.014286 0.029188
0 0.488214 0.022843 0.002143 0.015228
0 0.491786 0.021574 0.003571 0.015228
0 0.489643 0.019036 0.003571 0.017766
4 0.541786 0.031726 0.025000 0.063452
4 0.613929 0.015228 0.060714 0.030457
4 0.612857 0.028553 0.061429 0.057107
0 0.632143 0.052030 0.002857 0.010152
4 0.824286 0.123096 0.061429 0.126904
4 0.591071 0.039340 0.042143 0.048223
1 0.872143 0.144670 0.024286 0.045685
1 0.926429 0.267132 0.027143 0.049492
1 0.873214 0.517132 0.027857 0.031726
4 0.801786 0.399746 0.076429 0.093909
2 0.948214 0.576777 0.027857 0.039340
2 0.954643 0.634518 0.029286 0.038071
1 0.981429 0.680838 0.027143 0.034264
1 0.865357 0.703680 0.033571 0.041878
2 0.806071 0.916244 0.033571 0.048223
2 0.649643 0.954949 0.033571 0.054569
2 0.633214 0.718274 0.026429 0.043147