0 0.931429 0.975238 0.038571 0.049524
0 0.961071 0.970476 0.036429 0.059048
1 0.658929 0.806190 0.089286 0.214286
1 0.635714 0.610952 0.072857 0.157143
1 0.607143 0.465714 0.051429 0.097143
3 0.600000 0.340000 0.061429 0.148571
1 0.171071 0.893333 0.137857 0.211429
1 0.090000 0.396667 0.095714 0.065714
1 0.128214 0.354762 0.113571 0.058095
1 0.394286 0.421429 0.098571 0.077143
1 0.435357 0.343810 0.040714 0.072381
2 0.350714 0.551429 0.107143 0.135238
0 0.400000 0.512857 0.014286 0.058095
0 0.447857 0.447619 0.015714 0.055238
0 0.428214 0.443810 0.015000 0.055238
0 0.416071 0.450952 0.019286 0.054286
0 0.395357 0.450476 0.016429 0.051429
0 0.392857 0.478571 0.014286 0.050476
1 0.565000 0.159048 0.042857 0.040000
1 0.596429 0.135238 0.047143 0.036190
1 0.723214 0.198571 0.070714 0.040952
3 0.823929 0.153333 0.245000 0.095238
0 0.809643 0.218095 0.012143 0.034286
0 0.817857 0.215714 0.014286 0.035238
0 0.662143 0.139524 0.008571 0.031429
0 0.653929 0.135238 0.007857 0.026667
3 0.455357 0.218095 0.043571 0.072381
3 0.453929 0.177619 0.075000 0.046667
0 0.515000 0.131429 0.007143 0.028571
0 0.499643 0.130476 0.007857 0.030476
0 0.480714 0.114286 0.008571 0.028571
0 0.480000 0.090476 0.007143 0.022857
3 0.604643 0.086667 0.056429 0.036190
3 0.604286 0.054286 0.028571 0.051429
1 0.537857 0.063333 0.018571 0.023810
1 0.513214 0.019048 0.015000 0.020952
3 0.554286 0.012381 0.015714 0.024762
0 0.563214 0.060000 0.005000 0.024762
0 0.466429 0.058571 0.007143 0.023810
2 0.461071 0.077619 0.022143 0.035238
0 0.697857 0.126190 0.010000 0.027619