1 0.281576 0.934601 0.086117 0.078850
0 0.334029 0.796382 0.010438 0.039889
0 0.437891 0.657236 0.010438 0.045455
1 0.386482 0.567718 0.024530 0.048237
1 0.460856 0.665584 0.025052 0.073284
4 0.392484 0.453154 0.085595 0.071429
1 0.384916 0.420686 0.020355 0.051020
3 0.411273 0.404917 0.025052 0.054731
2 0.446764 0.431818 0.017745 0.052876
1 0.378392 0.316790 0.016701 0.030612
0 0.396138 0.279221 0.005219 0.020408
0 0.393006 0.276438 0.004175 0.020408
1 0.459812 0.248609 0.012526 0.022263
1 0.386221 0.223098 0.011482 0.021336
0 0.420407 0.201763 0.003653 0.013915
1 0.412578 0.177180 0.008873 0.016698
1 0.424061 0.162801 0.008873 0.015770
1 0.463727 0.199443 0.009916 0.014842
0 0.432411 0.152597 0.003653 0.010204
0 0.434499 0.137291 0.003653 0.011132
2 0.465814 0.182282 0.008873 0.019481
0 0.474426 0.173006 0.003132 0.008349
0 0.477296 0.169759 0.004697 0.012987
0 0.501827 0.192022 0.002610 0.014842
0 0.475209 0.194805 0.003653 0.009276
0 0.489040 0.222635 0.003132 0.014842
0 0.495303 0.226345 0.003132 0.014842
0 0.490866 0.233766 0.003653 0.014842
0 0.490344 0.285250 0.006785 0.023191
0 0.500261 0.280148 0.004697 0.014842
0 0.523747 0.368738 0.004697 0.017625
0 0.500522 0.425325 0.006263 0.025046
0 0.646399 0.603896 0.006785 0.033395
0 0.633090 0.801020 0.010438 0.043599
2 0.498434 0.890074 0.037578 0.127087
0 0.652401 0.236549 0.006263 0.027829
1 0.398747 0.129406 0.008351 0.013915
0 0.399008 0.129870 0.002610 0.011132
1 0.421973 0.145640 0.007829 0.014842
2 0.427192 0.135900 0.007829 0.015770
1 0.422756 0.129870 0.008351 0.012987
1 0.420407 0.123840 0.007829 0.012059
1 0.421712 0.113636 0.007307 0.012059
1 0.419885 0.104824 0.005741 0.011132
2 0.446503 0.111781 0.006785 0.015770
2 0.442589 0.099258 0.005219 0.014842
0 0.430585 0.107607 0.002088 0.009276
0 0.429541 0.108534 0.002088 0.009276
0 0.427975 0.108071 0.002088 0.008349
0 0.426931 0.108998 0.003132 0.008349
1 0.415710 0.078386 0.006785 0.010204
2 0.422234 0.058905 0.008351 0.012059
2 0.413100 0.058905 0.008873 0.010204
2 0.410752 0.053803 0.005219 0.009276
4 0.451722 0.064471 0.015136 0.013915
0 0.432933 0.080241 0.002610 0.008349
1 0.420929 0.074212 0.005741 0.009276
2 0.421712 0.098330 0.005219 0.012987
2 0.424322 0.096011 0.005219 0.012059