1 0.867500 0.897619 0.077857 0.134286
2 0.955000 0.652857 0.078571 0.088571
2 0.556786 0.855238 0.075000 0.099048
0 0.758571 0.840000 0.017143 0.020952
0 0.611429 0.776667 0.020000 0.029524
0 0.615000 0.752857 0.015714 0.029524
0 0.598214 0.758571 0.019286 0.029524
0 0.556429 0.732381 0.015714 0.034286
0 0.741786 0.670000 0.016429 0.025714
0 0.405357 0.296667 0.010714 0.035238
0 0.268571 0.214286 0.012857 0.028571
0 0.242857 0.223333 0.011429 0.033333
0 0.204286 0.200952 0.012857 0.028571
0 0.211071 0.190952 0.010714 0.023810
1 0.247143 0.118095 0.055714 0.053333
0 0.404643 0.460952 0.013571 0.034286
1 0.296429 0.462857 0.075714 0.078095
2 0.266071 0.409048 0.065000 0.100000
3 0.142857 0.250000 0.114286 0.090476
1 0.135000 0.210476 0.082857 0.049524
2 0.120357 0.186190 0.060714 0.042857
1 0.111786 0.160000 0.060714 0.040000
1 0.100357 0.140000 0.057857 0.041905
0 0.155714 0.131429 0.014286 0.028571
1 0.067857 0.102381 0.074286 0.056190
1 0.052500 0.073810 0.070714 0.040952
2 0.037143 0.051905 0.055714 0.035238
1 0.124286 0.750000 0.078571 0.136190
0 0.459286 0.749524 0.012857 0.030476